# Body pose sequence format version 1.0 defined by cnoid-Robotics

type: PoseSeq
name: "sample"
targetBody: "GR001"
refs: 
  - 
    time: 0.02
    refer: 
      type: Pose
      name: ""
      joints: [ 
        0, 1, 2, 3, 4, 5, 6, 7, 8, 
        9, 10, 11, 12, 13, 14, 15, 16, 17, 
        18, 19 ]
      q: [ 
        -0.00457610411, 0.0624893544, 0.793783807, -0.953753478, -0.233116983, 0.0626564711, 0.00059192709, -0.00809334907, -0.437854494, 
        0.910206754, 0.545358931, -0.00811496813, 0, 0, 0.349066, -0.174533, -0.349066, -0.349066, 
        0.174533, 0.349066 ]
      ikLinks: 
        - 
          name: WAIST
          index: 0
          isBaseLink: true
          translation: [ -0.00652430078, -0.000162683043, 0.148957589 ]
          rotation: [ 
            0.997336373, 0, 0.0729394245, 
            0, 1, 0, 
            -0.0729394245, 0, 0.997336373 ]
        - 
          name: R_ANKLE_R
          index: 6
          translation: [ 0.0380456089, -0.0260290571, 0.0211510697 ]
          rotation: [ 
            1, 1.75141332e-008, -3.19762778e-008, 
            -1.75141333e-008, 1, -3.95872039e-009, 
            3.19762777e-008, 3.95872092e-009, 1 ]
          isTouching: true
          partingDirection: [ 0, 0, 1 ]
        - 
          name: L_ANKLE_R
          index: 12
          translation: [ 0.00651488213, 0.0202640943, 0.0191513476 ]
          rotation: [ 
            1, -1.3101111e-008, -2.07425186e-008, 
            1.31011111e-008, 1, 2.37744468e-009, 
            2.07425186e-008, -2.37744495e-009, 1 ]
          isTouching: true
          partingDirection: [ 0, 0, 1 ]
  - 
    time: 0.233333333
    refer: 
      type: Pose
      name: ""
      joints: [ 
        0, 1, 2, 3, 4, 5, 6, 7, 8, 
        9, 10, 11, 12, 13, 14, 15, 16, 17, 
        18, 19 ]
      q: [ 
        -0.0131166448, 0.177964951, 0.649151516, -0.907552832, -0.332363782, 0.178442449, -0.00797990171, 0.108996109, -0.67545479, 
        0.868783861, 0.266556604, 0.109286554, -8.53011776e-007, 0, 0.349066, -0.174533, -0.349066, -0.349066, 
        0.174533, 0.349066 ]
      ikLinks: 
        - 
          name: WAIST
          index: 0
          isBaseLink: true
          translation: [ -0.0138733056, 0.0154214776, 0.150667946 ]
          rotation: [ 
            0.997351818, -9.17681334e-008, 0.0727279201, 
            1.00369863e-007, 1, -1.14618044e-007, 
            -0.0727279201, 1.21614206e-007, 0.997351818 ]
        - 
          name: R_ANKLE_R
          index: 6
          translation: [ 0.0195355219, -0.0224035435, 0.0216933451 ]
          rotation: [ 
            1, 2.0956044e-008, -3.15967628e-008, 
            -2.09560441e-008, 1, -2.78160078e-009, 
            3.15967627e-008, 2.7816015e-009, 1 ]
        - 
          name: L_ANKLE_R
          index: 12
          translation: [ 0.0242766333, 0.0237786828, 0.0202782265 ]
          rotation: [ 
            1, -1.1599661e-008, -2.79747724e-008, 
            1.15996611e-008, 1, 3.53989629e-009, 
            2.79747726e-008, -3.53989661e-009, 1 ]
          isTouching: true
          partingDirection: [ 0, 0, 1 ]
  - 
    time: 0.433333333
    refer: 
      type: Pose
      name: ""
      joints: [ 
        0, 1, 2, 3, 4, 5, 6, 7, 8, 
        9, 10, 11, 12, 13, 14, 15, 16, 17, 
        18, 19 ]
      q: [ 
        0.000218316131, -0.0380637068, 0.499224656, -1.03377052, -0.542659192, -0.0381757958, 0.000826873203, -0.112660618, -0.809669377, 
        0.985376837, 0.183866642, -0.11277518, -0.000783238672, -0, 0.349066, -0.174533, -0.349066, -0.349066, 
        0.174533, 0.349066 ]
      ikLinks: 
        - 
          name: WAIST
          index: 0
          isBaseLink: true
          translation: [ -0.014382445, -0.00391842717, 0.144669802 ]
          rotation: [ 
            0.999967131, -9.04308678e-005, 0.00810733219, 
            9.13324557e-005, 0.99999999, -0.000110836321, 
            -0.00810732208, 0.00011157314, 0.999967129 ]
        - 
          name: R_ANKLE_R
          index: 6
          translation: [ 0.00651887016, -0.0197908076, 0.0191537074 ]
          rotation: [ 
            1, 5.45176121e-009, -2.70662067e-008, 
            -5.45176129e-009, 1, -2.56024782e-009, 
            2.70662067e-008, 2.56024797e-009, 1 ]
          isTouching: true
          partingDirection: [ 0, 0, 1 ]
        - 
          name: L_ANKLE_R
          index: 12
          translation: [ 0.0380455323, 0.0265029963, 0.0211517281 ]
          rotation: [ 
            1, -1.16631201e-008, -3.54278498e-008, 
            1.16631203e-008, 1, 4.22181839e-009, 
            3.54278496e-008, -4.22181885e-009, 1 ]
          isTouching: true
          partingDirection: [ 0, 0, 1 ]
  - 
    time: 0.683333333
    refer: 
      type: Pose
      name: ""
      joints: [ 
        0, 1, 2, 3, 4, 5, 6, 7, 8, 
        9, 10, 11, 12, 13, 14, 15, 16, 17, 
        18, 19 ]
      q: [ 
        -0.0073717827, -0.177018171, 0.363194381, -0.869510322, -0.565213806, -0.194247668, -0.0026223968, -0.25503233, -0.759046992, 
        0.993434861, 0.294304536, -0.272399556, 0.1198828, 0, 0.349066, -0.174533, -0.349066, -0.349066, 
        0.174533, 0.349066 ]
      ikLinks: 
        - 
          name: WAIST
          index: 0
          isBaseLink: true
          translation: [ -0.00309967374, -0.0204357903, 0.147395509 ]
          rotation: [ 
            0.998162487, -0.0177242518, 0.0579439406, 
            0.0187322361, 0.99968171, -0.0168991787, 
            -0.0576259724, 0.0179535458, 0.998176797 ]
        - 
          name: R_ANKLE_R
          index: 6
          translation: [ 0.00708075979, -0.0199024975, 0.0191913284 ]
          rotation: [ 
            1, 3.21322032e-008, -2.14568934e-008, 
            -3.21322035e-008, 1, -9.48765688e-009, 
            2.14568931e-008, 9.48765752e-009, 1 ]
          isTouching: true
          partingDirection: [ 0, 0, 1 ]
        - 
          name: L_ANKLE_R
          index: 12
          translation: [ 0.0373486375, 0.0263820436, 0.0240348893 ]
          rotation: [ 
            1, -7.87838845e-008, -4.75925224e-008, 
            7.87838843e-008, 1, -3.82043974e-009, 
            4.75925228e-008, 3.82043597e-009, 1 ]
  - 
    time: 0.883333333
    refer: 
      type: Pose
      name: ""
      joints: [ 
        0, 1, 2, 3, 4, 5, 6, 7, 8, 
        9, 10, 11, 12, 13, 14, 15, 16, 17, 
        18, 19 ]
      q: [ 
        0.00797293828, -0.108713739, 0.674961373, -0.869664416, -0.267923292, -0.108989653, 0.0130762973, -0.177249257, -0.646467476, 
        0.909166746, 0.336647148, -0.177710996, 9.7939999e-005, 0, 0.349066, -0.174533, -0.349066, -0.349066, 
        0.174533, 0.349066 ]
      ikLinks: 
        - 
          name: WAIST
          index: 0
          isBaseLink: true
          translation: [ -0.0137654726, 0.0153919285, 0.150665994 ]
          rotation: [ 
            0.997352181, -1.44772568e-005, 0.0727229425, 
            1.55226954e-005, 1, -1.38104609e-005, 
            -0.0727229423, 1.49027493e-005, 0.997352181 ]
        - 
          name: R_ANKLE_R
          index: 6
          translation: [ 0.0242876308, 0.00700800412, 0.0202812075 ]
          rotation: [ 
            1, -2.89407779e-005, -2.7558974e-008, 
            2.89407771e-005, 0.999999999, -2.98092313e-005, 
            2.84216762e-008, 2.98092305e-005, 1 ]
          isTouching: true
          partingDirection: [ 0, 0, 1 ]
        - 
          name: L_ANKLE_R
          index: 12
          translation: [ 0.0192963672, 0.0531450064, 0.0216925289 ]
          rotation: [ 
            1, -2.89782898e-005, -3.18518793e-008, 
            2.89782889e-005, 0.999999999, -2.98027089e-005, 
            3.27155109e-008, 2.98027079e-005, 1 ]
  - 
    time: 1.11666667
    maxTransitionTime: 0.666666667
    refer: 
      type: Pose
      name: ""
      joints: [ 
        0, 1, 2, 3, 4, 5, 6, 7, 8, 
        9, 10, 11, 12, 13, 14, 15, 16, 17, 
        18, 19 ]
      q: [ 
        -0.00250164935, 0.0337307154, 0.837627255, -0.868721068, -0.104136385, 0.0337885165, 0.00262573931, -0.0363526515, -0.552596168, 
        0.944634518, 0.465087637, -0.0364820921, -0.000241888006, 0, 0.349066, -0.174533, -0.349066, -0.349066, 
        0.174533, 0.349066 ]
      ikLinks: 
        - 
          name: WAIST
          index: 0
          isBaseLink: true
          translation: [ -0.0156313262, -0.00304246332, 0.14894024 ]
          rotation: [ 
            0.997336616, -3.385305e-005, 0.0729360963, 
            3.63004236e-005, 0.999999999, -3.22294694e-005, 
            -0.0729360951, 3.47912412e-005, 0.997336616 ]
        - 
          name: R_ANKLE_R
          index: 6
          translation: [ 0.0379855969, -0.0260171949, 0.0211471572 ]
          rotation: [ 
            1, 9.70610622e-009, -3.20475387e-008, 
            -9.70610634e-009, 1, -3.80251101e-009, 
            3.20475387e-008, 3.80251132e-009, 1 ]
          isTouching: true
          partingDirection: [ 0, 0, 1 ]
        - 
          name: L_ANKLE_R
          index: 12
          translation: [ 0.0065746259, 0.0202759568, 0.0191606766 ]
          rotation: [ 
            1, -6.03962038e-009, -2.10179526e-008, 
            6.03962042e-009, 1, 2.04108574e-009, 
            2.10179527e-008, -2.04108587e-009, 1 ]
          isTouching: true
          partingDirection: [ 0, 0, 1 ]
