# Body pose sequence format version 1.0 defined by cnoid-Robotics

type: PoseSeq
name: "r1"
targetBody: "GR001"
refs: 
  - 
    time: 0
    refer: 
      type: Pose
      name: ""
      joints: [ 
        0, 1, 2, 3, 4, 5, 6, 7, 8, 
        9, 10, 11, 12, 13, 14, 15, 16, 17, 
        18, 19 ]
      q: [ 
        0, 0, 0.34906585, -0.698131701, -0.34906585, 0, 0, 0, -0.34906585, 
        0.698131701, 0.34906585, 0, 0, 0, 0.34906585, 0, -0.34906585, -0.34906585, 
        0, 0.34906585 ]
      ikLinks: 
        - 
          name: WAIST
          index: 0
          isBaseLink: true
          translation: [ -3.78775213e-005, 5.74004001e-008, 0.154197241 ]
          rotation: [ 
            1, -1.09356897e-019, -1.66533454e-016, 
            2.16840434e-019, 1, -3.61111865e-035, 
            5.55111512e-017, -4.33680869e-019, 1 ]
        - 
          name: R_ANKLE_R
          index: 6
          translation: [ 0.0251999009, -0.0195999426, 0.021150131 ]
          rotation: [ 
            1, -1.09356897e-019, -1.66533454e-016, 
            2.16840434e-019, 1, -3.61111865e-035, 
            -5.55111512e-017, -4.33680869e-019, 1 ]
          isTouching: true
          partingDirection: [ 0, 0, 1 ]
        - 
          name: L_ANKLE_R
          index: 12
          translation: [ 0.0251999009, 0.0196000574, 0.021150131 ]
          rotation: [ 
            1, -1.09356897e-019, -5.55110435e-017, 
            2.16840434e-019, 1, 0, 
            0, -4.33680869e-019, 1 ]
          isTouching: true
          partingDirection: [ 0, 0, 1 ]
  - 
    time: 0.141666667
    refer: 
      type: Pose
      name: ""
      joints: [ 
        0, 1, 2, 3, 4, 5, 6, 7, 8, 
        9, 10, 11, 12, 13, 14, 15, 16, 17, 
        18, 19 ]
      q: [ 
        0.223813099, 0.0749248484, 0.497747048, -0.851602501, -0.353855511, 0.0749248541, 0.509154032, -0.0260617356, -0.167332767, 
        0.553523065, 0.386190351, -0.0260617412, 0.0473501334, 0, 0.34906585, -0.143212149, -0.34906585, -0.34906585, 
        0.110313065, 0.694005869 ]
      ikLinks: 
        - 
          name: WAIST
          index: 0
          isBaseLink: true
          translation: [ -0.000343862644, 2.84140535e-005, 0.155599395 ]
          rotation: [ 
            0.873157178, 0.487438758, 4.79010126e-008, 
            -0.487438758, 0.873157178, -5.181152e-009, 
            -4.43506073e-008, -1.882485e-008, 1 ]
        - 
          name: R_ANKLE_R
          index: 6
          translation: [ 0.0176382092, -0.0330565195, 0.0258653369 ]
          rotation: [ 
            0.959565743, 0.28148461, -9.99547189e-009, 
            -0.28148461, 0.959565743, 5.79232755e-009, 
            1.12217636e-008, -2.74454758e-009, 1 ]
        - 
          name: L_ANKLE_R
          index: 12
          translation: [ 0.0252000096, 0.0196000387, 0.0211513003 ]
          rotation: [ 
            1, 1.9089335e-010, -4.4528324e-009, 
            -1.90893317e-010, 1, 4.24332854e-010, 
            4.45283233e-009, -4.2433285e-010, 1 ]
          isTouching: true
          partingDirection: [ 0, 0, 1 ]
  - 
    time: 0.283333333
    refer: 
      type: Pose
      name: ""
      joints: [ 
        0, 1, 2, 3, 4, 5, 6, 7, 8, 
        9, 10, 11, 12, 13, 14, 15, 16, 17, 
        18, 19 ]
      q: [ 
        -0.0237556214, -0.134926097, 0.262679488, -0.553804464, -0.291119963, -0.134863073, 0.0571818797, -0.289381241, -0.146935532, 
        0.475129979, 0.317693046, -0.28932097, 0.0473890118, 0, 0.34906585, -0.000934513865, -0.34906585, -0.34906585, 
        0.186810107, 0.359055459 ]
      ikLinks: 
        - 
          name: WAIST
          index: 0
          isBaseLink: true
          translation: [ 0.00823115694, -0.032077352, 0.155384068 ]
          rotation: [ 
            0.998709552, 0.0497788051, -0.0100648382, 
            -0.0497816189, 0.998760126, -2.90824744e-005, 
            0.0100509113, 0.000530088883, 0.999949348 ]
        - 
          name: R_ANKLE_R
          index: 6
          translation: [ 0.0341905984, -0.0390513431, 0.0212433517 ]
          rotation: [ 
            0.997245449, 0.0734861878, -0.0100645156, 
            -0.0734908362, 0.997295888, -9.23010153e-005, 
            0.0100305172, 0.000831696435, 0.999949347 ]
          isTouching: true
          partingDirection: [ 0, 0, 1 ]
        - 
          name: L_ANKLE_R
          index: 12
          translation: [ 0.0274584081, 0.0183952123, 0.0242223457 ]
          rotation: [ 
            0.999946168, -0.0103760305, -2.33081869e-008, 
            0.0103760305, 0.999946168, 3.17760515e-009, 
            2.32739613e-008, -3.41928053e-009, 1 ]
  - 
    time: 0.416666667
    refer: 
      type: Pose
      name: ""
      joints: [ 
        0, 1, 2, 3, 4, 5, 6, 7, 8, 
        9, 10, 11, 12, 13, 14, 15, 16, 17, 
        18, 19 ]
      q: [ 
        0, 0, 0.34906585, -0.698131701, -0.34906585, 0, 0, 0, -0.34906585, 
        0.698131701, 0.34906585, 0, 0, 0, 0.34906585, 0, -0.34906585, -0.34906585, 
        0, 0.34906585 ]
      ikLinks: 
        - 
          name: WAIST
          index: 0
          isBaseLink: true
          translation: [ 0.00261502661, -0.00132164788, 0.163386547 ]
          rotation: [ 
            0.999945458, -0.010444157, -1.000531e-008, 
            0.010444157, 0.999945458, 1.4322748e-009, 
            9.98980537e-009, -1.5366938e-009, 1 ]
        - 
          name: R_ANKLE_R
          index: 6
          translation: [ 0.0280561353, -0.0206569917, 0.0303394364 ]
          rotation: [ 
            0.999945458, -0.010444157, -1.00053099e-008, 
            0.010444157, 0.999945458, 1.4322748e-009, 
            9.98980526e-009, -1.5366938e-009, 1 ]
        - 
          name: L_ANKLE_R
          index: 12
          translation: [ 0.0276467244, 0.0185408702, 0.0303394364 ]
          rotation: [ 
            0.999945458, -0.010444157, -1.00053099e-008, 
            0.010444157, 0.999945458, 1.4322748e-009, 
            9.98980532e-009, -1.5366938e-009, 1 ]
