# Body pose sequence format version 1.0 defined by cnoid-Robotics

type: PoseSeq
name: "ff1"
targetBody: "GR001"
refs: 
  - 
    time: 0
    refer: 
      type: Pose
      name: ""
      joints: [ 
        0, 1, 2, 3, 4, 5, 6, 7, 8, 
        9, 10, 11, 12, 13, 14, 15, 16, 17, 
        18, 19 ]
      q: [ 
        -1.24679586e-009, 0.0357829054, 0.34707156, -0.694415284, -0.347343735, 0.0357829066, -7.39934245e-011, 2.06760381e-008, -0.349073159, 
        0.698144832, 0.349071675, 2.05692156e-008, 0, 0, 0.34906585, 0, -0.34906585, -0.34906585, 
        0, 0.34906585 ]
      ikLinks: 
        - 
          name: WAIST
          index: 0
          isBaseLink: true
          translation: [ -0.0195914109, -0.000851996841, 0.154197386 ]
          rotation: [ 
            1, -6.52902305e-008, -1.26485619e-007, 
            6.52902328e-008, 1, 1.8127291e-008, 
            1.26485617e-007, -1.81272993e-008, 1 ]
        - 
          name: R_ANKLE_R
          index: 6
          translation: [ 0.00565190808, -0.0242124947, 0.021150248 ]
          rotation: [ 
            1, -6.44308119e-008, -1.37306757e-007, 
            6.44308143e-008, 1, 1.69530695e-008, 
            1.37306756e-007, -1.69530784e-008, 1 ]
          isTouching: true
          partingDirection: [ 0, 0, 1 ]
        - 
          name: L_ANKLE_R
          index: 12
          translation: [ 0.00564638983, 0.0187480002, 0.0211505162 ]
          rotation: [ 
            1, -6.52162371e-008, -1.27460595e-007, 
            6.52162394e-008, 1, 1.82341134e-008, 
            1.27460594e-007, -1.82341217e-008, 1 ]
          isTouching: true
          partingDirection: [ 0, 0, 1 ]
  - 
    time: 0.1
    refer: 
      type: Pose
      name: ""
      joints: [ 
        0, 1, 2, 3, 4, 5, 6, 7, 8, 
        9, 10, 11 ]
      q: [ 
        -0.000156485582, -0.0270541318, 0.352955503, -0.896965525, -0.538226063, -0.0270545865, -0.000176926789, -0.0673254988, -0.940945726, 
        1.17776078, 0.234185768, -0.0673257579 ]
      ikLinks: 
        - 
          name: WAIST
          index: 0
          isBaseLink: true
          translation: [ -0.0272926222, -0.00781974528, 0.149048449 ]
          rotation: [ 
            0.999983284, -1.12354509e-007, -0.00578203466, 
            1.12364863e-007, 1, 1.46587766e-009, 
            0.00578203466, -2.11555071e-009, 0.999983284 ]
        - 
          name: R_ANKLE_R
          index: 6
          translation: [ -0.0114935587, -0.0247163727, 0.0211504418 ]
          rotation: [ 
            1, -8.94274711e-008, -2.24141144e-007, 
            8.94274721e-008, 1, 4.32238482e-009, 
            2.24141143e-007, -4.32240489e-009, 1 ]
          isTouching: true
          partingDirection: [ 0, 0, 1 ]
        - 
          name: L_ANKLE_R
          index: 12
          translation: [ 0.0273379344, 0.0178339423, 0.0314400682 ]
          rotation: [ 
            0.999995011, -7.04844737e-008, -0.00315872777, 
            7.05755797e-008, 1, 2.8731163e-008, 
            0.00315872777, -2.89539487e-008, 0.999995011 ]
      zmp: [ -0.0161131716, -0.0320530559, 0 ]
      isZmpStationaryPoint: false
  - 
    time: 0.208333333
    refer: 
      type: Pose
      name: ""
      joints: [ 
        0, 1, 2, 3, 4, 5, 6, 7, 8, 
        9, 10, 11 ]
      q: [ 
        -0.0250489818, -0.0371553472, 0.459666982, -1.06876106, -0.655692206, -0.0339617256, -0.0259383284, -0.0180777084, -0.898415634, 
        0.863155414, 0.0113665582, -0.014863416 ]
      ikLinks: 
        - 
          name: WAIST
          index: 0
          isBaseLink: true
          translation: [ -0.0326785092, -0.00294538574, 0.145601636 ]
          rotation: [ 
            0.998557804, -0.0267491228, 0.0465488709, 
            0.0266275267, 0.999640205, 0.00323045487, 
            -0.0466185346, -0.00198631461, 0.99891079 ]
        - 
          name: R_ANKLE_R
          index: 6
          translation: [ -0.0213639317, -0.0193487378, 0.0211505964 ]
          rotation: [ 
            1, -1.46669549e-007, -2.45992064e-007, 
            1.46669549e-007, 1, -9.51837054e-010, 
            2.45992064e-007, 9.5180102e-010, 1 ]
          isTouching: true
          partingDirection: [ 0, 0, 1 ]
        - 
          name: L_ANKLE_R
          index: 12
          translation: [ 0.0296171194, 0.017989832, 0.0211532356 ]
          rotation: [ 
            0.999999999, 2.74219471e-007, -5.34572443e-005, 
            -2.74217866e-007, 1, 3.00372216e-008, 
            5.34572444e-005, -3.00225626e-008, 0.999999999 ]
          isTouching: true
          partingDirection: [ 0, 0, 1 ]
      zmp: [ 0.0246182982, 0.0279898327, 0 ]
      isZmpStationaryPoint: true
  - 
    time: 0.291666667
    refer: 
      type: Pose
      name: ""
      joints: [ 
        0, 1, 2, 3, 4, 5, 6, 7, 8, 
        9, 10, 11 ]
      q: [ 
        -0.0353892919, 0.202676346, 0.458261692, -1.16123988, -0.696480258, 0.167413815, -0.0361685416, 0.141552064, -0.679732932, 
        0.684161821, 0.0226776184, 0.106290438 ]
      ikLinks: 
        - 
          name: WAIST
          index: 0
          isBaseLink: true
          translation: [ -0.0237627264, 0.0156701031, 0.149738081 ]
          rotation: [ 
            0.999272736, -0.0335814571, 0.0180633584, 
            0.0342029023, 0.998792302, -0.0352717886, 
            -0.0168570653, 0.035863956, 0.999214499 ]
        - 
          name: R_ANKLE_R
          index: 6
          translation: [ -0.0131001367, -0.018353137, 0.0295858127 ]
          rotation: [ 
            0.999696804, 0.00224031799, 0.0245210435, 
            -0.00224031767, 0.99999749, -2.74847964e-005, 
            -0.0245210435, -2.74584637e-005, 0.999699314 ]
        - 
          name: L_ANKLE_R
          index: 12
          translation: [ 0.0320350168, 0.0254230942, 0.021150622 ]
          rotation: [ 
            1, 5.43720145e-007, -1.8310668e-006, 
            -5.43720093e-007, 1, 2.81520584e-008, 
            1.83106682e-006, -2.81510628e-008, 1 ]
          isTouching: true
          partingDirection: [ 0, 0, 1 ]
      zmp: [ 0.0270700303, 0.0355305095, 0 ]
      isZmpStationaryPoint: true
  - 
    time: 0.398333333
    refer: 
      type: Pose
      name: ""
      joints: [ 
        0, 1, 2, 3, 4, 5, 6, 7, 8, 
        9, 10, 11 ]
      q: [ 
        -0.0333530955, 0.217968199, 0.503424501, -1.01782622, -0.520130587, 0.199718523, -0.0179155643, 0.0719282431, -0.535021582, 
        0.730480272, 0.200823885, 0.0535965217 ]
      ikLinks: 
        - 
          name: WAIST
          index: 0
          isBaseLink: true
          translation: [ -0.0339536615, 0.00661298093, 0.15252816 ]
          rotation: [ 
            0.999832049, -0.0175285321, 0.00535025305, 
            0.0176239016, 0.999676626, -0.0183314396, 
            -0.0050271997, 0.0184226531, 0.99981765 ]
        - 
          name: R_ANKLE_R
          index: 6
          translation: [ -0.011401359, -0.0322449457, 0.0280795739 ]
          rotation: [ 
            0.999893621, 0.0145858258, 2.37894466e-005, 
            -0.0145858258, 0.999893621, 4.33726133e-008, 
            -2.37862833e-005, -3.90356724e-007, 1 ]
        - 
          name: L_ANKLE_R
          index: 12
          translation: [ 0.00696329024, 0.0211538892, 0.0211509665 ]
          rotation: [ 
            1, 3.22593974e-007, -1.03681503e-006, 
            -3.22593947e-007, 1, 2.58788329e-008, 
            1.03681503e-006, -2.58784984e-008, 1 ]
          isTouching: true
          partingDirection: [ 0, 0, 1 ]
      zmp: [ -0.024463566, 0.0266540029, 0 ]
      isZmpStationaryPoint: true
  - 
    time: 0.5
    refer: 
      type: Pose
      name: ""
      joints: [ 
        0, 1, 2, 3, 4, 5, 6, 7, 8, 
        9, 10, 11 ]
      q: [ 
        -0.000105595158, -7.38884592e-005, 0.348284838, -0.698018224, -0.349537781, -6.64879611e-005, -0.000105578195, 1.66819132e-005, -0.348442021, 
        0.698077471, 0.349439844, 2.40821391e-005 ]
      ikLinks: 
        - 
          name: WAIST
          index: 0
          isBaseLink: true
          translation: [ -0.0447159862, -0.0029519597, 0.154191954 ]
          rotation: [ 
            0.999999975, -0.000105492857, -0.000195802341, 
            0.000105494313, 0.999999994, 7.42349721e-006, 
            0.000195801557, -7.44415306e-006, 0.999999981 ]
        - 
          name: R_ANKLE_R
          index: 6
          translation: [ -0.0195219657, -0.0225451881, 0.0211505949 ]
          rotation: [ 
            1, 8.78439176e-008, -1.96438586e-007, 
            -8.7843913e-008, 1, 2.29806601e-008, 
            1.96438588e-007, -2.29806428e-008, 1 ]
          isTouching: true
          partingDirection: [ 0, 0, 1 ]
        - 
          name: L_ANKLE_R
          index: 12
          translation: [ -0.0195141089, 0.016645298, 0.021150901 ]
          rotation: [ 
            1, 8.85969698e-008, -1.963175e-007, 
            -8.85969653e-008, 1, 2.32543954e-008, 
            1.96317502e-007, -2.3254378e-008, 1 ]
          isTouching: true
          partingDirection: [ 0, 0, 1 ]
      zmp: [ -0.0345181967, -0.000408313438, -1.38777878e-017 ]
      isZmpStationaryPoint: true
  - 
    time: 0.591666667
    maxTransitionTime: 0.125
    refer: 
      type: Pose
      name: ""
      joints: [ 
        0, 1, 2, 3, 4, 5, 6, 7, 8, 
        9, 10, 11 ]
      q: [ 
        0.000694327777, 0.0666795723, 0.944319725, -1.12312176, -0.177320118, 0.066626565, 0.000717771693, 0.0283618282, -0.363697008, 
        0.916266709, 0.548253782, 0.0283089861 ]
      ikLinks: 
        - 
          name: WAIST
          index: 0
          isBaseLink: true
          translation: [ 0.0144118386, 0.00106542085, 0.157797759 ]
          rotation: [ 
            0.999974262, 0.000595179558, -0.0071499075, 
            -0.000595574275, 0.999999821, -5.30767137e-005, 
            0.00714987463, 5.73336486e-005, 0.999974438 ]
        - 
          name: R_ANKLE_R
          index: 6
          translation: [ 0.0726370919, -0.0245660749, 0.0397097394 ]
          rotation: [ 
            0.999983918, -9.14286857e-008, -0.00567131365, 
            9.14511326e-008, 1, 3.6986452e-009, 
            0.00567131365, -4.21723378e-009, 0.999983918 ]
        - 
          name: L_ANKLE_R
          index: 12
          translation: [ 0.0304467438, 0.0178501471, 0.0303703212 ]
          rotation: [ 
            0.999995979, -3.45699221e-008, -0.00283578099, 
            3.46526074e-008, 1, 2.91087255e-008, 
            0.00283578099, -2.92068757e-008, 0.999995979 ]
      zmp: [ -0.0171792499, -0.0314437739, 0 ]
      isZmpStationaryPoint: false
  - 
    time: 0.691666667
    refer: 
      type: Pose
      name: ""
      joints: [ 
        0, 1, 2, 3, 4, 5, 6, 7, 8, 
        9, 10, 11 ]
      q: [ 
        0.0269704079, 0.0167153129, 0.897253427, -0.86235428, -0.0115380749, 0.0137850185, 0.0261159081, 0.0351205361, -0.457617539, 
        1.06739486, 0.65618392, 0.0322100219 ]
      ikLinks: 
        - 
          name: WAIST
          index: 0
          isBaseLink: true
          translation: [ 0.0183933826, 0.00149030147, 0.145628662 ]
          rotation: [ 
            0.99854269, 0.0277133624, 0.0463083838, 
            -0.0276065262, 0.999614529, -0.00294514238, 
            -0.046372153, 0.00166243679, 0.99892285 ]
        - 
          name: R_ANKLE_R
          index: 6
          translation: [ 0.0806396342, -0.0193487454, 0.0211586913 ]
          rotation: [ 
            0.999999994, -1.44820153e-007, -0.000105780681, 
            1.44820039e-007, 1, -1.09122457e-009, 
            0.000105780681, 1.0759054e-009, 0.999999994 ]
          isTouching: true
          partingDirection: [ 0, 0, 1 ]
        - 
          name: L_ANKLE_R
          index: 12
          translation: [ 0.0296378622, 0.0180537622, 0.0211533437 ]
          rotation: [ 
            0.999999999, 2.74587164e-007, -5.30134437e-005, 
            -2.74585566e-007, 1, 3.01498544e-008, 
            5.30134437e-005, -3.01352977e-008, 0.999999999 ]
          isTouching: true
          partingDirection: [ 0, 0, 1 ]
      zmp: [ 0.0246983074, 0.0282359179, 0 ]
      isZmpStationaryPoint: true
  - 
    time: 0.783333333
    refer: 
      type: Pose
      name: ""
      joints: [ 
        0, 1, 2, 3, 4, 5, 6, 7, 8, 
        9, 10, 11 ]
      q: [ 
        0.0354061292, -0.140269509, 0.689854126, -0.737574957, -0.0677568635, -0.105483135, 0.0343495372, -0.20015808, -0.503791917, 
        1.17763047, 0.670567394, -0.165357415 ]
      ikLinks: 
        - 
          name: WAIST
          index: 0
          isBaseLink: true
          translation: [ 0.0154757964, -0.00852937985, 0.141139945 ]
          rotation: [ 
            0.999382399, 0.0349932294, -0.00320842998, 
            -0.0348606523, 0.998786301, 0.0347945345, 
            0.00442210904, -0.0346611974, 0.999389337 ]
        - 
          name: R_ANKLE_R
          index: 6
          translation: [ 0.0718283259, -0.0184736123, 0.0141186426 ]
          rotation: [ 
            0.999731545, 0.00159241466, -0.0231149915, 
            -0.00159224136, 0.999998732, 2.59019357e-005, 
            0.0231150035, 1.09096634e-005, 0.999732813 ]
          isTouching: true
          partingDirection: [ 0, 0, 1 ]
        - 
          name: L_ANKLE_R
          index: 12
          translation: [ 0.0319987694, 0.025311847, 0.021150854 ]
          rotation: [ 
            1, 5.39598858e-007, -2.60447942e-006, 
            -5.39598785e-007, 1, 2.83037574e-008, 
            2.60447943e-006, -2.83023521e-008, 1 ]
          isTouching: true
          partingDirection: [ 0, 0, 1 ]
      zmp: [ 0.0270680261, 0.0355243529, -2.77555756e-017 ]
      isZmpStationaryPoint: true
  - 
    time: 0.875
    refer: 
      type: Pose
      name: ""
      joints: [ 
        0, 1, 2, 3, 4, 5, 6, 7, 8, 
        9, 10, 11 ]
      q: [ 
        0.013591682, -0.0528984125, 0.502351067, -0.719580326, -0.221436819, -0.0388483756, 0.0258357886, -0.160106649, -0.556947205, 
        0.917410815, 0.368259244, -0.146110192 ]
      ikLinks: 
        - 
          name: WAIST
          index: 0
          isBaseLink: true
          translation: [ -0.0251478427, -0.0125430114, 0.149066069 ]
          rotation: [ 
            0.999668004, 0.024590097, 0.00769475529, 
            -0.0246961149, 0.999596964, 0.0140003914, 
            -0.00734738304, -0.0141857739, 0.999872382 ]
        - 
          name: R_ANKLE_R
          index: 6
          translation: [ 0.0127706028, -0.0289129886, 0.0169492014 ]
          rotation: [ 
            0.999930912, 0.0112714997, 0.00333537795, 
            -0.0112715581, 0.999936474, -1.27488896e-006, 
            -0.00333518044, -3.63201056e-005, 0.999994438 ]
          isTouching: true
          partingDirection: [ 0, 0, 1 ]
        - 
          name: L_ANKLE_R
          index: 12
          translation: [ 0.00795824242, 0.0213191599, 0.021151519 ]
          rotation: [ 
            1, 3.31725573e-007, -1.10129983e-006, 
            -3.31725544e-007, 1, 2.62373569e-008, 
            1.10129984e-006, -2.62369915e-008, 1 ]
          isTouching: true
          partingDirection: [ 0, 0, 1 ]
      zmp: [ -0.0174747749, 0.0238734282, 0 ]
      isZmpStationaryPoint: true
  - 
    time: 0.975
    refer: 
      type: Pose
      name: ""
      joints: [ 
        0, 1, 2, 3, 4, 5, 6, 7, 8, 
        9, 10, 11 ]
      q: [ 
        -0.00643967086, 0.0422690031, 0.39549404, -0.780990831, -0.386099668, 0.0391755809, -0.00297128292, 0.0105511564, -0.395349376, 
        0.712425093, 0.317673286, 0.00745573833 ]
      ikLinks: 
        - 
          name: WAIST
          index: 0
          isBaseLink: true
          translation: [ -0.0219823572, 0.0022493365, 0.153961568 ]
          rotation: [ 
            0.999995428, -0.00296465324, 0.000596494753, 
            0.00296648594, 0.999990809, -0.00309538841, 
            -0.000587312518, 0.00309714375, 0.999995031 ]
        - 
          name: R_ANKLE_R
          index: 6
          translation: [ 0.00330536178, -0.0214037388, 0.0225002328 ]
          rotation: [ 
            0.99999405, 0.00344953143, 4.83073761e-006, 
            -0.00344953143, 0.99999405, 9.53560609e-008, 
            -4.83037994e-006, -1.12019275e-007, 1 ]
        - 
          name: L_ANKLE_R
          index: 12
          translation: [ 0.0069632483, 0.0211539007, 0.0211516933 ]
          rotation: [ 
            1, 3.23106568e-007, -1.03977067e-006, 
            -3.23106541e-007, 1, 2.62354191e-008, 
            1.03977068e-006, -2.62350831e-008, 1 ]
          isTouching: true
          partingDirection: [ 0, 0, 1 ]
      zmp: [ 0.000117032171, -0.00011626601, 0 ]
      isZmpStationaryPoint: true
