# Body pose sequence format version 1.0 defined by cnoid-Robotics

type: PoseSeq
name: "ff"
targetBody: "GR001"
refs: 
  - 
    time: 0
    refer: 
      type: Pose
      name: ""
      joints: [ 
        0, 1, 2, 3, 4, 5, 6, 7, 8, 
        9, 10, 11 ]
      q: [ 
        -1.98830181e-009, 0.0657464175, 0.787740268, -0.896368682, -0.108628439, 0.0657464219, -7.39934245e-011, 2.06760378e-008, -0.349073159, 
        0.698144832, 0.349071675, 2.05692153e-008 ]
      ikLinks: 
        - 
          name: WAIST
          index: 0
          isBaseLink: true
          translation: [ -0.0182142323, 0.00156394947, 0.154198986 ]
          rotation: [ 
            1, 3.23671381e-007, -1.04441969e-006, 
            -3.23671353e-007, 1, 2.6343066e-008, 
            1.0444197e-006, -2.6342728e-008, 1 ]
        - 
          name: R_ANKLE_R
          index: 6
          translation: [ 0.0384099364, -0.0244097864, 0.0293948688 ]
          rotation: [ 
            1, 3.24027866e-007, -1.06920371e-006, 
            -3.24027842e-007, 1, 2.19543356e-008, 
            1.06920371e-006, -2.19539892e-008, 1 ]
        - 
          name: L_ANKLE_R
          index: 12
          translation: [ 0.00702369823, 0.0211639356, 0.021152139 ]
          rotation: [ 
            1, 3.23745374e-007, -1.04539467e-006, 
            -3.23745347e-007, 1, 2.64498888e-008, 
            1.04539468e-006, -2.64495504e-008, 1 ]
          isTouching: true
          partingDirection: [ 0, 0, 1 ]
      zmp: [ 0.0354370813, -0.0294021323, 1.41622825e-017 ]
      isZmpStationaryPoint: true
  - 
    time: 0.075
    refer: 
      type: Pose
      name: ""
      joints: [ 
        0, 1, 2, 3, 4, 5, 6, 7, 8, 
        9, 10, 11 ]
      q: [ 
        -2.15735566e-009, 0.0657463961, 0.787743566, -0.896374587, -0.108631047, 0.0657464006, -1.4798652e-010, 4.1351891e-008, -0.349080466, 
        0.698157963, 0.349077499, 4.11382456e-008 ]
      ikLinks: 
        - 
          name: WAIST
          index: 0
          isBaseLink: true
          translation: [ -0.0182142323, 0.00156394947, 0.154198986 ]
          rotation: [ 
            1, 3.23671381e-007, -1.04441969e-006, 
            -3.23671353e-007, 1, 2.6343066e-008, 
            1.0444197e-006, -2.6342728e-008, 1 ]
        - 
          name: R_ANKLE_R
          index: 6
          translation: [ 0.0384098952, -0.0244097759, 0.0293949973 ]
          rotation: [ 
            1, 3.24157134e-007, -1.06980798e-006, 
            -3.24157111e-007, 1, 2.18298354e-008, 
            1.06980799e-006, -2.18294886e-008, 1 ]
        - 
          name: L_ANKLE_R
          index: 12
          translation: [ 0.007023705, 0.0211639334, 0.0211523765 ]
          rotation: [ 
            1, 3.23819367e-007, -1.04636962e-006, 
            -3.2381934e-007, 1, 2.6556712e-008, 
            1.04636963e-006, -2.65563732e-008, 1 ]
          isTouching: true
          partingDirection: [ 0, 0, 1 ]
      zmp: [ 0.0334099155, -0.0344097747, 0 ]
      isZmpStationaryPoint: true
  - 
    time: 0.158333333
    refer: 
      type: Pose
      name: ""
      joints: [ 
        0, 1, 2, 3, 4, 5, 6, 7, 8, 
        9, 10, 11 ]
      q: [ 
        0, 0, 0.34906585, -0.698131701, -0.34906585, 0, -1.13400021e-009, -0.0164452397, -0.549951971, 
        0.999975486, 0.450023531, -0.0164452427 ]
      ikLinks: 
        - 
          name: WAIST
          index: 0
          isBaseLink: true
          translation: [ -0.0182142124, 0.001563943, 0.154199698 ]
          rotation: [ 
            1, 3.2389336e-007, -1.04734455e-006, 
            -3.23893332e-007, 1, 2.66635357e-008, 
            1.04734456e-006, -2.66631965e-008, 1 ]
        - 
          name: R_ANKLE_R
          index: 6
          translation: [ 0.00702369907, -0.0180360687, 0.021152615 ]
          rotation: [ 
            1, 3.2389336e-007, -1.04734455e-006, 
            -3.23893332e-007, 1, 2.66635357e-008, 
            1.04734456e-006, -2.66631965e-008, 1 ]
          isTouching: true
          partingDirection: [ 0, 0, 1 ]
        - 
          name: L_ANKLE_R
          index: 12
          translation: [ 0.0102087328, 0.0227845054, 0.0276648958 ]
          rotation: [ 
            1, 3.25277786e-007, -1.06257081e-006, 
            -3.25277754e-007, 1, 2.965569e-008, 
            1.06257082e-006, -2.96553443e-008, 1 ]
      zmp: [ 0.00422397796, 0.00160502516, 0 ]
      isZmpStationaryPoint: true
  - 
    time: 0.258333333
    refer: 
      type: Pose
      name: ""
      joints: [ 
        0, 1, 2, 3, 4, 5, 6, 7, 8, 
        9, 10, 11 ]
      q: [ 
        0, 0, 0.34906585, -0.698131701, -0.34906585, 0, 0, 0, -0.34906585, 
        0.698131701, 0.34906585, 0 ]
      ikLinks: 
        - 
          name: WAIST
          index: 0
          isBaseLink: true
          translation: [ -0.0105145996, 0.00888907659, 0.157205812 ]
          rotation: [ 
            0.999005969, -0.00988753669, 0.0434662051, 
            0.00931016525, 0.999865989, 0.0134656568, 
            -0.0435935223, -0.013047594, 0.998964146 ]
        - 
          name: R_ANKLE_R
          index: 6
          translation: [ 0.00910883438, -0.0122648956, 0.0234520479 ]
          rotation: [ 
            0.999005969, -0.00988753669, 0.0434662051, 
            0.00931016525, 0.999865989, 0.0134656568, 
            -0.0435935223, -0.013047594, 0.998964146 ]
        - 
          name: L_ANKLE_R
          index: 12
          translation: [ 0.00872124294, 0.0269298511, 0.0229405822 ]
          rotation: [ 
            0.999005969, -0.00988753669, 0.0434662051, 
            0.00931016525, 0.999865989, 0.0134656568, 
            -0.0435935223, -0.013047594, 0.998964146 ]
          isTouching: true
          partingDirection: [ 0, 0, 1 ]
      zmp: [ 0.0255261677, 0.0083663911, 0 ]
      isZmpStationaryPoint: true
