# Body pose sequence format version 1.0 defined by cnoid-Robotics

type: PoseSeq
name: "go_ahead"
targetBody: "GR001"
refs: 
  - 
    time: 0.00833333333
    refer: 
      type: Pose
      name: ""
      joints: [ 
        0, 1, 2, 3, 4, 5, 6, 7, 8, 
        9, 10, 11, 12, 13, 14, 15, 16, 17, 
        18, 19 ]
      q: [ 
        7.39934237e-011, -2.06722287e-008, 0.349073171, -0.698144856, -0.349071685, -2.05654063e-008, -7.39934238e-011, 2.06798463e-008, -0.349073171, 
        0.698144856, 0.349071685, 2.05730238e-008, 0, 0, 0.34906585, 0, -0.34906585, -0.34906585, 
        0, 0.34906585 ]
      ikLinks: 
        - 
          name: WAIST
          index: 0
          isBaseLink: true
          translation: [ -3.78775213e-005, 5.74004001e-008, 0.154197241 ]
          rotation: [ 
            1, -2.16840434e-019, -5.70413239e-017, 
            2.16842089e-019, 1, 4.3367756e-019, 
            -5.55111512e-017, -4.33680865e-019, 1 ]
        - 
          name: R_ANKLE_R
          index: 6
          translation: [ 0.0251999077, -0.0195999404, 0.0211503685 ]
          rotation: [ 
            1, -7.39934039e-011, -9.74976323e-010, 
            7.39934038e-011, 1, -1.06822441e-010, 
            9.74976155e-010, 1.06822441e-010, 1 ]
          isTouching: true
          partingDirection: [ 0, 0, 1 ]
        - 
          name: L_ANKLE_R
          index: 12
          translation: [ 0.0251999077, 0.0196000552, 0.0211503685 ]
          rotation: [ 
            1, 7.39934035e-011, -9.74976379e-010, 
            -7.39934034e-011, 1, 1.06822442e-010, 
            9.74976377e-010, -1.06822442e-010, 1 ]
          isTouching: true
          partingDirection: [ 0, 0, 1 ]
  - 
    time: 0.116666667
    refer: 
      type: Pose
      name: ""
      joints: [ 
        0, 1, 2, 3, 4, 5, 6, 7, 8, 
        9, 10, 11, 12, 13, 14, 15, 16, 17, 
        18, 19 ]
      q: [ 
        8.09314839e-010, 0.00135664646, -0.0759528678, -0.481022817, -0.556975694, 0.00135664736, -0.0213200099, -0.0690234007, -0.689664195, 
        0.842236896, 0.194812859, -0.133454794, 0, 0, 0.34906585, 0, -0.34906585, -0.34906585, 
        0, 0.34906585 ]
      ikLinks: 
        - 
          name: WAIST
          index: 0
          isBaseLink: true
          translation: [ 0.0310313469, -0.00496339428, 0.151596558 ]
          rotation: [ 
            1, -2.16842089e-019, 5.55111512e-017, 
            2.16842089e-019, 1, 4.33680865e-019, 
            -5.55111512e-017, -4.33680865e-019, 1 ]
        - 
          name: R_ANKLE_R
          index: 6
          translation: [ 0.0252004506, -0.0247023748, 0.0211524331 ]
          rotation: [ 
            1, -8.21572258e-010, -9.03507576e-009, 
            8.2157225e-010, 1, -8.95943999e-010, 
            9.03507585e-009, 8.95943992e-010, 1 ]
          isTouching: true
          partingDirection: [ 0, 0, 1 ]
        - 
          name: L_ANKLE_R
          index: 12
          translation: [ 0.0816666967, 0.0204440725, 0.0239891761 ]
          rotation: [ 
            0.99881887, 0.0268914702, -0.0404686805, 
            -0.0242110958, 0.997570258, 0.065325368, 
            0.0421270473, -0.0642684191, 0.997043069 ]
          isTouching: true
          partingDirection: [ 0, 0, 1 ]
  - 
    time: 0.241666667
    refer: 
      type: Pose
      name: ""
      joints: [ 
        0, 1, 2, 3, 4, 5, 6, 7, 8, 
        9, 10, 11, 12, 13, 14, 15, 16, 17, 
        18, 19 ]
      q: [ 
        7.39934237e-011, -2.06722287e-008, 0.349073171, -0.698144856, -0.349071685, -2.05654063e-008, -7.39934238e-011, 2.06798463e-008, -0.349073171, 
        0.698144856, 0.349071685, 2.05730238e-008, 0, 0, 0.34906585, 0, -0.34906585, -0.34906585, 
        0, 0.34906585 ]
      ikLinks: 
        - 
          name: WAIST
          index: 0
          isBaseLink: true
          translation: [ -3.78775213e-005, 5.74004001e-008, 0.154197241 ]
          rotation: [ 
            1, -2.16840434e-019, -5.70413239e-017, 
            2.16842089e-019, 1, 4.3367756e-019, 
            -5.55111512e-017, -4.33680865e-019, 1 ]
        - 
          name: R_ANKLE_R
          index: 6
          translation: [ 0.0251999077, -0.0195999404, 0.0211503685 ]
          rotation: [ 
            1, -7.39934039e-011, -9.74976323e-010, 
            7.39934038e-011, 1, -1.06822441e-010, 
            9.74976155e-010, 1.06822441e-010, 1 ]
          isTouching: true
          partingDirection: [ 0, 0, 1 ]
        - 
          name: L_ANKLE_R
          index: 12
          translation: [ 0.0251999077, 0.0196000552, 0.0211503685 ]
          rotation: [ 
            1, 7.39934035e-011, -9.74976379e-010, 
            -7.39934034e-011, 1, 1.06822442e-010, 
            9.74976377e-010, -1.06822442e-010, 1 ]
          isTouching: true
          partingDirection: [ 0, 0, 1 ]
  - 
    time: 0.375
    refer: 
      type: Pose
      name: ""
      joints: [ 
        0, 1, 2, 3, 4, 5, 6, 7, 8, 
        9, 10, 11, 12, 13, 14, 15, 16, 17, 
        18, 19 ]
      q: [ 
        6.46349534e-010, -0.00563115722, -0.104870209, -0.473609189, -0.578479406, -0.00563115633, -0.0208854617, -0.075439715, -0.695487585, 
        0.901720791, 0.24816649, -0.139378481, 0, 0, 0.34906585, 0, -0.34906585, -0.34906585, 
        0, 0.34906585 ]
      ikLinks: 
        - 
          name: WAIST
          index: 0
          isBaseLink: true
          translation: [ 0.0334832008, -0.00563528296, 0.150787173 ]
          rotation: [ 
            1, -2.16842089e-019, 5.55111512e-017, 
            2.16842089e-019, 1, 4.33680865e-019, 
            -5.55111512e-017, -4.33680865e-019, 1 ]
        - 
          name: R_ANKLE_R
          index: 6
          translation: [ 0.0252003212, -0.0246629537, 0.0211520836 ]
          rotation: [ 
            1, -5.99862576e-010, -8.25522576e-009, 
            5.99862568e-010, 1, -8.9601624e-010, 
            8.25522589e-009, 8.96016234e-010, 1 ]
          isTouching: true
          partingDirection: [ 0, 0, 1 ]
        - 
          name: L_ANKLE_R
          index: 12
          translation: [ 0.0812304063, 0.0204375533, 0.0239672731 ]
          rotation: [ 
            0.998837044, 0.0266637924, -0.0401696602, 
            -0.0240244049, 0.997608135, 0.0648138576, 
            0.0418017631, -0.0637734298, 0.997088543 ]
          isTouching: true
          partingDirection: [ 0, 0, 1 ]
  - 
    time: 0.508333333
    refer: 
      type: Pose
      name: ""
      joints: [ 
        0, 1, 2, 3, 4, 5, 6, 7, 8, 
        9, 10, 11, 12, 13, 14, 15, 16, 17, 
        18, 19 ]
      q: [ 
        1.55178338e-010, -6.12506507e-005, 0.34605094, -0.699455865, -0.353404927, -6.12504281e-005, -0.00026971161, -0.000757917387, -0.354006576, 
        0.702512593, 0.348975609, -0.0014752374, 0, 0, 0.34906585, 0, -0.34906585, -0.34906585, 
        0, 0.34906585 ]
      ikLinks: 
        - 
          name: WAIST
          index: 0
          isBaseLink: true
          translation: [ 0.000338579902, -6.32301134e-005, 0.154158944 ]
          rotation: [ 
            1, -2.16842089e-019, 5.55111512e-017, 
            2.16842089e-019, 1, 4.33680865e-019, 
            -5.55111512e-017, -4.33680865e-019, 1 ]
        - 
          name: R_ANKLE_R
          index: 6
          translation: [ 0.02519992, -0.0196567983, 0.0211506241 ]
          rotation: [ 
            1, -1.55053963e-010, -2.03058871e-009, 
            1.55053963e-010, 1, -2.22583733e-010, 
            2.03058881e-009, 2.22583733e-010, 1 ]
          isTouching: true
          partingDirection: [ 0, 0, 1 ]
        - 
          name: L_ANKLE_R
          index: 12
          translation: [ 0.0258291625, 0.0196094584, 0.0211822376 ]
          rotation: [ 
            0.999999853, 0.000270404297, -0.000469398268, 
            -0.000270067489, 0.999999706, 0.000717446666, 
            0.000469592131, -0.000717319792, 0.999999632 ]
          isTouching: true
          partingDirection: [ 0, 0, 1 ]
  - 
    time: 0.625
    refer: 
      type: Pose
      name: ""
      joints: [ 
        0, 1, 2, 3, 4, 5, 6, 7, 8, 
        9, 10, 11, 12, 13, 14, 15, 16, 17, 
        18, 19 ]
      q: [ 
        0.0212241747, 0.0686200429, 0.688380038, -0.842428726, -0.196064095, 0.132709714, -1.12621544e-009, -0.00134883811, 0.0725527118, 
        0.48438861, 0.556941332, -0.00134883912, 0, 0, 0.34906585, 0, -0.34906585, -0.34906585, 
        0, 0.34906585 ]
      ikLinks: 
        - 
          name: WAIST
          index: 0
          isBaseLink: true
          translation: [ 0.0812471505, 0.00908882888, 0.155549214 ]
          rotation: [ 
            0.998831337, 0.0267354522, -0.0402638352, 
            -0.0240831923, 0.997596241, 0.0649749193, 
            0.0419041845, -0.0639293038, 0.997074262 ]
        - 
          name: R_ANKLE_R
          index: 6
          translation: [ 0.136149508, -0.0257362861, 0.0320251772 ]
          rotation: [ 
            0.99662069, -0.00260706102, -0.0820999587, 
            0.0026929771, 0.999995936, 0.000935765104, 
            0.0820971854, -0.00115369617, 0.996623661 ]
        - 
          name: L_ANKLE_R
          index: 12
          translation: [ 0.0813677761, 0.020439594, 0.0239742972 ]
          rotation: [ 
            0.998831336, 0.0267354534, -0.0402638459, 
            -0.0240831927, 0.997596241, 0.0649749205, 
            0.0419041953, -0.0639293047, 0.997074261 ]
          isTouching: true
          partingDirection: [ 0, 0, 1 ]
  - 
    time: 0.741666667
    refer: 
      type: Pose
      name: ""
      joints: [ 
        0, 1, 2, 3, 4, 5, 6, 7, 8, 
        9, 10, 11, 12, 13, 14, 15, 16, 17, 
        18, 19 ]
      q: [ 
        1.55178338e-010, -6.12506507e-005, 0.34605094, -0.699455865, -0.353404927, -6.12504281e-005, -0.00026971161, -0.000757917387, -0.354006576, 
        0.702512593, 0.348975609, -0.0014752374, 0, 0, 0.34906585, 0, -0.34906585, -0.34906585, 
        0, 0.34906585 ]
      ikLinks: 
        - 
          name: WAIST
          index: 0
          isBaseLink: true
          translation: [ 0.000338579902, -6.32301134e-005, 0.154158944 ]
          rotation: [ 
            1, -2.16842089e-019, 5.55111512e-017, 
            2.16842089e-019, 1, 4.33680865e-019, 
            -5.55111512e-017, -4.33680865e-019, 1 ]
        - 
          name: R_ANKLE_R
          index: 6
          translation: [ 0.02519992, -0.0196567983, 0.0211506241 ]
          rotation: [ 
            1, -1.55053963e-010, -2.03058871e-009, 
            1.55053963e-010, 1, -2.22583733e-010, 
            2.03058881e-009, 2.22583733e-010, 1 ]
          isTouching: true
          partingDirection: [ 0, 0, 1 ]
        - 
          name: L_ANKLE_R
          index: 12
          translation: [ 0.0258291625, 0.0196094584, 0.0211822376 ]
          rotation: [ 
            0.999999853, 0.000270404297, -0.000469398268, 
            -0.000270067489, 0.999999706, 0.000717446666, 
            0.000469592131, -0.000717319792, 0.999999632 ]
          isTouching: true
          partingDirection: [ 0, 0, 1 ]
  - 
    time: 0.858333333
    refer: 
      type: Pose
      name: ""
      joints: [ 
        0, 1, 2, 3, 4, 5, 6, 7, 8, 
        9, 10, 11, 12, 13, 14, 15, 16, 17, 
        18, 19 ]
      q: [ 
        0.0212241747, 0.0686200429, 0.688380038, -0.842428726, -0.196064095, 0.132709714, -1.12621544e-009, -0.00134883811, 0.0725527118, 
        0.48438861, 0.556941332, -0.00134883912, 0, 0, 0.34906585, 0, -0.34906585, -0.34906585, 
        0, 0.34906585 ]
      ikLinks: 
        - 
          name: WAIST
          index: 0
          isBaseLink: true
          translation: [ 0.0812471505, 0.00908882888, 0.155549214 ]
          rotation: [ 
            0.998831337, 0.0267354522, -0.0402638352, 
            -0.0240831923, 0.997596241, 0.0649749193, 
            0.0419041845, -0.0639293038, 0.997074262 ]
        - 
          name: R_ANKLE_R
          index: 6
          translation: [ 0.136149508, -0.0257362861, 0.0320251772 ]
          rotation: [ 
            0.99662069, -0.00260706102, -0.0820999587, 
            0.0026929771, 0.999995936, 0.000935765104, 
            0.0820971854, -0.00115369617, 0.996623661 ]
        - 
          name: L_ANKLE_R
          index: 12
          translation: [ 0.0813677761, 0.020439594, 0.0239742972 ]
          rotation: [ 
            0.998831336, 0.0267354534, -0.0402638459, 
            -0.0240831927, 0.997596241, 0.0649749205, 
            0.0419041953, -0.0639293047, 0.997074261 ]
          isTouching: true
          partingDirection: [ 0, 0, 1 ]
  - 
    time: 0.966666667
    refer: 
      type: Pose
      name: ""
      joints: [ 
        0, 1, 2, 3, 4, 5, 6, 7, 8, 
        9, 10, 11, 12, 13, 14, 15, 16, 17, 
        18, 19 ]
      q: [ 
        1.55178338e-010, -6.12506507e-005, 0.34605094, -0.699455865, -0.353404927, -6.12504281e-005, -0.00026971161, -0.000757917387, -0.354006576, 
        0.702512593, 0.348975609, -0.0014752374, 0, 0, 0.34906585, 0, -0.34906585, -0.34906585, 
        0, 0.34906585 ]
      ikLinks: 
        - 
          name: WAIST
          index: 0
          isBaseLink: true
          translation: [ 0.000338579902, -6.32301134e-005, 0.154158944 ]
          rotation: [ 
            1, -2.16842089e-019, 5.55111512e-017, 
            2.16842089e-019, 1, 4.33680865e-019, 
            -5.55111512e-017, -4.33680865e-019, 1 ]
        - 
          name: R_ANKLE_R
          index: 6
          translation: [ 0.02519992, -0.0196567983, 0.0211506241 ]
          rotation: [ 
            1, -1.55053963e-010, -2.03058871e-009, 
            1.55053963e-010, 1, -2.22583733e-010, 
            2.03058881e-009, 2.22583733e-010, 1 ]
          isTouching: true
          partingDirection: [ 0, 0, 1 ]
        - 
          name: L_ANKLE_R
          index: 12
          translation: [ 0.0258291625, 0.0196094584, 0.0211822376 ]
          rotation: [ 
            0.999999853, 0.000270404297, -0.000469398268, 
            -0.000270067489, 0.999999706, 0.000717446666, 
            0.000469592131, -0.000717319792, 0.999999632 ]
          isTouching: true
          partingDirection: [ 0, 0, 1 ]
