# Body pose sequence format version 1.0 defined by cnoid-Robotics

type: PoseSeq
name: "go_back"
targetBody: "GR001"
refs: 
  - 
    time: 0.00833333333
    refer: 
      type: Pose
      name: ""
      joints: [ 
        0, 1, 2, 3, 4, 5, 6, 7, 8, 
        9, 10, 11, 12, 13, 14, 15, 16, 17, 
        18, 19 ]
      q: [ 
        7.39934237e-011, -2.06722287e-008, 0.349073171, -0.698144856, -0.349071685, -2.05654063e-008, -7.39934238e-011, 2.06798463e-008, -0.349073171, 
        0.698144856, 0.349071685, 2.05730238e-008, 0, 0, 0.34906585, 0, -0.34906585, -0.34906585, 
        0, 0.34906585 ]
      ikLinks: 
        - 
          name: WAIST
          index: 0
          isBaseLink: true
          translation: [ -3.78775213e-005, 5.74004001e-008, 0.154197241 ]
          rotation: [ 
            1, -2.16840434e-019, -5.70413239e-017, 
            2.16842089e-019, 1, 4.3367756e-019, 
            -5.55111512e-017, -4.33680865e-019, 1 ]
        - 
          name: R_ANKLE_R
          index: 6
          translation: [ 0.0251999077, -0.0195999404, 0.0211503685 ]
          rotation: [ 
            1, -7.39934039e-011, -9.74976323e-010, 
            7.39934038e-011, 1, -1.06822441e-010, 
            9.74976155e-010, 1.06822441e-010, 1 ]
          isTouching: true
          partingDirection: [ 0, 0, 1 ]
        - 
          name: L_ANKLE_R
          index: 12
          translation: [ 0.0251999077, 0.0196000552, 0.0211503685 ]
          rotation: [ 
            1, 7.39934035e-011, -9.74976379e-010, 
            -7.39934034e-011, 1, 1.06822442e-010, 
            9.74976377e-010, -1.06822442e-010, 1 ]
          isTouching: true
          partingDirection: [ 0, 0, 1 ]
  - 
    time: 0.116666667
    refer: 
      type: Pose
      name: ""
      joints: [ 
        0, 1, 2, 3, 4, 5, 6, 7, 8, 
        9, 10, 11, 12, 13, 14, 15, 16, 17, 
        18, 19 ]
      q: [ 
        0.0231328367, 0.0238281438, 0.70773122, -0.447264339, 0.218491851, 0.0879496302, -2.94721474e-010, -0.0528430861, -0.386218043, 
        0.87983882, 0.493620789, -0.0528430874, 0, 0, 0.34906585, 0, -0.34906585, -0.34906585, 
        0, 0.34906585 ]
      ikLinks: 
        - 
          name: WAIST
          index: 0
          isBaseLink: true
          translation: [ 0.00607488986, 0.000249509182, 0.149933476 ]
          rotation: [ 
            1, -2.16842089e-019, 5.55111512e-017, 
            2.16842089e-019, 1, 4.33680865e-019, 
            -5.55111512e-017, -4.33680865e-019, 1 ]
        - 
          name: R_ANKLE_R
          index: 6
          translation: [ 0.081429638, -0.0199414895, 0.0239786678 ]
          rotation: [ 
            0.998828735, -0.0267680576, -0.0403066848, 
            0.0241099307, 0.99759082, -0.0650481893, 
            0.0419507924, 0.0640002093, 0.997067753 ]
          isTouching: true
          partingDirection: [ 0, 0, 1 ]
        - 
          name: L_ANKLE_R
          index: 12
          translation: [ 0.0252006672, 0.0251800096, 0.0211532549 ]
          rotation: [ 
            1, 9.44015591e-010, -1.2275771e-008, 
            -9.44015571e-010, 1, 1.23515585e-009, 
            1.2275771e-008, -1.23515584e-009, 1 ]
          isTouching: true
          partingDirection: [ 0, 0, 1 ]
  - 
    time: 0.241666667
    refer: 
      type: Pose
      name: ""
      joints: [ 
        0, 1, 2, 3, 4, 5, 6, 7, 8, 
        9, 10, 11, 12, 13, 14, 15, 16, 17, 
        18, 19 ]
      q: [ 
        7.39934237e-011, -2.06722287e-008, 0.349073171, -0.698144856, -0.349071685, -2.05654063e-008, -7.39934238e-011, 2.06798463e-008, -0.349073171, 
        0.698144856, 0.349071685, 2.05730238e-008, 0, 0, 0.34906585, 0, -0.34906585, -0.34906585, 
        0, 0.34906585 ]
      ikLinks: 
        - 
          name: WAIST
          index: 0
          isBaseLink: true
          translation: [ -3.78775213e-005, 5.74004001e-008, 0.154197241 ]
          rotation: [ 
            1, -2.16840434e-019, -5.70413239e-017, 
            2.16842089e-019, 1, 4.3367756e-019, 
            -5.55111512e-017, -4.33680865e-019, 1 ]
        - 
          name: R_ANKLE_R
          index: 6
          translation: [ 0.0251999077, -0.0195999404, 0.0211503685 ]
          rotation: [ 
            1, -7.39934039e-011, -9.74976323e-010, 
            7.39934038e-011, 1, -1.06822441e-010, 
            9.74976155e-010, 1.06822441e-010, 1 ]
          isTouching: true
          partingDirection: [ 0, 0, 1 ]
        - 
          name: L_ANKLE_R
          index: 12
          translation: [ 0.0251999077, 0.0196000552, 0.0211503685 ]
          rotation: [ 
            1, 7.39934035e-011, -9.74976379e-010, 
            -7.39934034e-011, 1, 1.06822442e-010, 
            9.74976377e-010, -1.06822442e-010, 1 ]
          isTouching: true
          partingDirection: [ 0, 0, 1 ]
  - 
    time: 0.375
    refer: 
      type: Pose
      name: ""
      joints: [ 
        0, 1, 2, 3, 4, 5, 6, 7, 8, 
        9, 10, 11, 12, 13, 14, 15, 16, 17, 
        18, 19 ]
      q: [ 
        1.02341164e-006, 0.0454206665, 0.485566517, -1.07519763, -0.589633057, 0.0454236186, -0.0222920362, -0.0331705579, -0.892057714, 
        0.766688315, -0.0842107861, -0.0960356375, 0, 0, 0.34906585, 0, -0.34906585, -0.34906585, 
        0, 0.34906585 ]
      ikLinks: 
        - 
          name: WAIST
          index: 0
          isBaseLink: true
          translation: [ 0.00660830936, -0.000623013027, 0.145043441 ]
          rotation: [ 
            1, -2.16842089e-019, 5.55111512e-017, 
            2.16842089e-019, 1, 4.33680865e-019, 
            -5.55111512e-017, -4.33680865e-019, 1 ]
        - 
          name: R_ANKLE_R
          index: 6
          translation: [ 0.0252031516, -0.0245813939, 0.02115312 ]
          rotation: [ 
            1, -1.1117747e-006, -1.9439699e-006, 
            1.11176897e-006, 1, -2.9520434e-006, 
            1.94397318e-006, 2.95204124e-006, 1 ]
          isTouching: true
          partingDirection: [ 0, 0, 1 ]
        - 
          name: L_ANKLE_R
          index: 12
          translation: [ 0.0803215368, 0.0204236547, 0.0239223681 ]
          rotation: [ 
            0.99887444, 0.0261906249, -0.0395462415, 
            -0.0236355919, 0.997686037, 0.0637489701, 
            0.0411243583, -0.062742518, 0.997182112 ]
          isTouching: true
          partingDirection: [ 0, 0, 1 ]
  - 
    time: 0.508333333
    refer: 
      type: Pose
      name: ""
      joints: [ 
        0, 1, 2, 3, 4, 5, 6, 7, 8, 
        9, 10, 11, 12, 13, 14, 15, 16, 17, 
        18, 19 ]
      q: [ 
        1.55178338e-010, -6.12506507e-005, 0.34605094, -0.699455865, -0.353404927, -6.12504281e-005, -0.00026971161, -0.000757917387, -0.354006576, 
        0.702512593, 0.348975609, -0.0014752374, 0, 0, 0.34906585, 0, -0.34906585, -0.34906585, 
        0, 0.34906585 ]
      ikLinks: 
        - 
          name: WAIST
          index: 0
          isBaseLink: true
          translation: [ 0.000338579902, -6.32301134e-005, 0.154158944 ]
          rotation: [ 
            1, -2.16842089e-019, 5.55111512e-017, 
            2.16842089e-019, 1, 4.33680865e-019, 
            -5.55111512e-017, -4.33680865e-019, 1 ]
        - 
          name: R_ANKLE_R
          index: 6
          translation: [ 0.02519992, -0.0196567983, 0.0211506241 ]
          rotation: [ 
            1, -1.55053963e-010, -2.03058871e-009, 
            1.55053963e-010, 1, -2.22583733e-010, 
            2.03058881e-009, 2.22583733e-010, 1 ]
          isTouching: true
          partingDirection: [ 0, 0, 1 ]
        - 
          name: L_ANKLE_R
          index: 12
          translation: [ 0.0258291625, 0.0196094584, 0.0211822376 ]
          rotation: [ 
            0.999999853, 0.000270404297, -0.000469398268, 
            -0.000270067489, 0.999999706, 0.000717446666, 
            0.000469592131, -0.000717319792, 0.999999632 ]
          isTouching: true
          partingDirection: [ 0, 0, 1 ]
