# Body pose sequence format version 1.0 defined by cnoid-Robotics

type: PoseSeq
name: "gymnastics"
targetBody: "GR001"
refs: 
  - 
    time: 0
    refer: 
      type: Pose
      name: ""
      joints: [ 
        0, 1, 2, 3, 4, 5, 6, 7, 8, 
        9, 10, 11, 12, 13, 14, 15, 16, 17, 
        18, 19 ]
      q: [ 
        -1.80616593e-019, 0.00197016157, 0.370920524, -0.701176708, -0.330256184, 0.00197016157, -6.05607271e-019, 0.00197016157, -0.370920524, 
        0.701176708, 0.330256184, 0.00197016157, 0, 0, 0.34906585, 0, -0.34906585, -0.34906585, 
        0, 0.34906585 ]
      ikLinks: 
        - 
          name: WAIST
          index: 0
          isBaseLink: true
          translation: [ -0.00206589105, 0.000206960048, 0.154197111 ]
          rotation: [ 
            1, 7.25663958e-019, 7.30074269e-016, 
            -4.21994409e-019, 1, 3.56094663e-015, 
            -5.75440303e-016, -3.56007164e-015, 1 ]
        - 
          name: R_ANKLE_R
          index: 6
          translation: [ 0.0252, -0.0196, 0.0211500007 ]
          rotation: [ 
            1, 2.24612932e-019, 3.84078922e-016, 
            1.03126261e-019, 1, 8.67361738e-019, 
            -2.21312768e-016, 7.62329653e-021, 1 ]
          isTouching: true
          partingDirection: [ 0, 0, 1 ]
        - 
          name: L_ANKLE_R
          index: 12
          translation: [ 0.0252, 0.0196, 0.0211500007 ]
          rotation: [ 
            1, -8.37197087e-019, -3.70579372e-016, 
            1.17298181e-018, 1, 6.37075926e-016, 
            5.86146799e-016, -6.35548514e-016, 1 ]
          isTouching: true
          partingDirection: [ 0, 0, 1 ]
      zmp: [ 0.0202, -5.67254577e-016, 0 ]
      isZmpStationaryPoint: true
  - 
    time: 1.5
    maxTransitionTime: 0.541666667
    refer: 
      type: Pose
      name: ""
      joints: [ 
        12, 13, 14, 15, 16, 17, 18, 19 ]
      q: [ 
        0, 0, -0.172787596, -1.5271631, -0.802851456, 0.172787596, 1.5271631, 0.34906585 ]
      ikLinks: 
        - 
          name: WAIST
          index: 0
          isBaseLink: true
          translation: [ -0.00170177353, 0.000206686534, 0.154270653 ]
          rotation: [ 
            0.989016678, -1.0618018e-005, -0.147803962, 
            1.05159591e-005, 1, -1.4719432e-006, 
            0.147803962, -9.85240516e-008, 0.989016678 ]
  - 
    time: 2
    refer: 
      type: Pose
      name: ""
      joints: [ 
        12, 13, 14, 15, 16, 17, 18, 19 ]
      q: [ 
        0, 0.326291052, 0.942000489, -0.906487926, -1.25535486, 1.46282615, 0.771257023, 1.18819094 ]
      ikLinks: 
        - 
          name: WAIST
          index: 0
          isBaseLink: true
          translation: [ -0.00595981699, 0.00698479091, 0.147243988 ]
          rotation: [ 
            0.999982472, -0.00179845846, -0.00564107445, 
            1.07496363e-005, 0.953301255, -0.302021056, 
            0.00592081567, 0.302015701, 0.953284564 ]
  - 
    time: 2.5
    maxTransitionTime: 1.89166667
    refer: 
      type: Pose
      name: ""
      joints: [ 
        12, 13, 14, 15, 16, 17, 18, 19 ]
      q: [ 
        0, 9.72347334e-005, 0.581302161, -1.03668676, -0.92861256, 1.28636026, 0.834248605, 0.836117661 ]
      ikLinks: 
        - 
          name: WAIST
          index: 0
          isBaseLink: true
          translation: [ -0.00576741128, -0.000178572423, 0.15122398 ]
          rotation: [ 
            0.993234316, 0.00517775005, -0.116011999, 
            -9.85958498e-005, 0.999042755, 0.0437443105, 
            0.116127444, -0.043436912, 0.992284058 ]
  - 
    time: 3
    maxTransitionTime: 1.20833334
    refer: 
      type: Pose
      name: ""
      joints: [ 
        12, 13, 14, 15, 16, 17, 18, 19 ]
      q: [ 
        0, 0.326291052, 0.942000489, -0.906487926, -1.25535486, 1.46282615, 0.771257023, 1.18819094 ]
      ikLinks: 
        - 
          name: WAIST
          index: 0
          isBaseLink: true
          translation: [ -0.00595981699, 0.00698479091, 0.147243988 ]
          rotation: [ 
            0.999982472, -0.00179845846, -0.00564107445, 
            1.07496363e-005, 0.953301255, -0.302021056, 
            0.00592081567, 0.302015701, 0.953284564 ]
  - 
    time: 3.51666667
    maxTransitionTime: 0.541666667
    refer: 
      type: Pose
      name: ""
      joints: [ 
        12, 13, 14, 15, 16, 17, 18, 19 ]
      q: [ 
        0, 0, -0.172787596, -1.5271631, -0.802851456, 0.172787596, 1.5271631, 0.34906585 ]
      ikLinks: 
        - 
          name: WAIST
          index: 0
          isBaseLink: true
          translation: [ -0.00170177353, 0.000206686534, 0.154270653 ]
          rotation: [ 
            0.989016678, -1.0618018e-005, -0.147803962, 
            1.05159591e-005, 1, -1.4719432e-006, 
            0.147803962, -9.85240516e-008, 0.989016678 ]
  - 
    time: 4.00833333
    refer: 
      type: Pose
      name: ""
      joints: [ 
        12, 13, 14, 15, 16, 17, 18, 19 ]
      q: [ 
        0, -0.326013025, -1.46172693, -0.771901118, -1.18747594, -0.941050597, 0.907016793, 1.25496929 ]
      ikLinks: 
        - 
          name: WAIST
          index: 0
          isBaseLink: true
          translation: [ -0.00595619409, -0.00697896635, 0.147250173 ]
          rotation: [ 
            0.999981746, 0.0018336101, -0.00575724351, 
            -1.07538375e-005, 0.953380179, 0.301771826, 
            0.00604217371, -0.301766255, 0.953362795 ]
  - 
    time: 4.49166667
    maxTransitionTime: 1.89166667
    refer: 
      type: Pose
      name: ""
      joints: [ 
        12, 13, 14, 15, 16, 17, 18, 19 ]
      q: [ 
        0, -9.72347334e-005, -1.28636026, -0.834248605, -0.836117661, -0.581302161, 1.03668676, 0.92861256 ]
      ikLinks: 
        - 
          name: WAIST
          index: 0
          isBaseLink: true
          translation: [ -0.00576741152, 0.000178563532, 0.15122388 ]
          rotation: [ 
            0.993234316, -0.00517775087, -0.116011999, 
            9.85966475e-005, 0.999042755, -0.0437443107, 
            0.116127444, 0.0434369122, 0.992284058 ]
  - 
    time: 5
    maxTransitionTime: 1.20833334
    refer: 
      type: Pose
      name: ""
      joints: [ 
        12, 13, 14, 15, 16, 17, 18, 19 ]
      q: [ 
        0, -0.326291052, -1.46282615, -0.771257023, -1.18819094, -0.942000489, 0.906487926, 1.25535486 ]
      ikLinks: 
        - 
          name: WAIST
          index: 0
          isBaseLink: true
          translation: [ -0.0059598223, -0.00698474186, 0.147244186 ]
          rotation: [ 
            0.999982472, 0.00179846283, -0.00564107398, 
            -1.07539473e-005, 0.953301255, 0.302021056, 
            0.00592081654, -0.302015701, 0.953284564 ]
  - 
    time: 5.65833333
    maxTransitionTime: 0.583333333
    refer: 
      type: Pose
      name: ""
      joints: [ 
        12, 13, 14, 15, 16, 17, 18, 19 ]
      q: [ 
        0, 0, 0.34906585, 0, -0.34906585, -0.34906585, 0, 0.34906585 ]
      ikLinks: 
        - 
          name: WAIST
          index: 0
          isBaseLink: true
          translation: [ -3.77806871e-005, -1.3411521e-008, 0.154197181 ]
          rotation: [ 
            1, -7.48110889e-010, -6.43796683e-010, 
            7.48110907e-010, 1, 1.14089099e-010, 
            6.43796627e-010, -1.14089099e-010, 1 ]
