# Body pose sequence format version 1.0 defined by cnoid-Robotics

type: PoseSeq
name: "kick"
targetBody: "GR001"
refs: 
  - 
    time: 0
    refer: 
      type: Pose
      name: ""
      joints: [ 
        0, 1, 2, 3, 4, 5, 6, 7, 8, 
        9, 10, 11, 12, 13, 14, 15, 16, 17, 
        18, 19 ]
      q: [ 
        0, 0, 0.34906585, -0.698131701, -0.34906585, 0, 0, 0, -0.34906585, 
        0.698131701, 0.34906585, 0, 0, 0, 0.34906585, 0, -0.34906585, -0.34906585, 
        0, 0.34906585 ]
      ikLinks: 
        - 
          name: WAIST
          index: 0
          isBaseLink: true
          translation: [ -3.77961283e-005, 3.55204498e-008, 0.154197239 ]
          rotation: [ 
            1, -5.25355692e-009, 1.91973704e-009, 
            5.25355694e-009, 1, 4.35025127e-010, 
            -1.91973698e-009, -4.35025238e-010, 1 ]
        - 
          name: R_ANKLE_R
          index: 6
          translation: [ 0.0251999821, -0.0195999644, 0.0211501281 ]
          rotation: [ 
            1, -5.25355692e-009, 1.91973715e-009, 
            5.25355694e-009, 1, 4.35025127e-010, 
            -1.91973704e-009, -4.35025238e-010, 1 ]
          isTouching: true
          partingDirection: [ 0, 0, 1 ]
        - 
          name: L_ANKLE_R
          index: 12
          translation: [ 0.0251999819, 0.0196000356, 0.021150128 ]
          rotation: [ 
            1, -5.25355694e-009, 1.91973704e-009, 
            5.25355694e-009, 1, 4.35025248e-010, 
            -1.91973709e-009, -4.35025238e-010, 1 ]
          isTouching: true
          partingDirection: [ 0, 0, 1 ]
  - 
    time: 1
    maxTransitionTime: 0.724353292
    refer: 
      type: Pose
      name: ""
      joints: [ 
        0, 1, 2, 3, 4, 5, 12, 13, 14, 
        15, 16, 17, 18, 19 ]
      q: [ 
        -0.00448554345, 0.158707861, 0.0575528145, -0.87765158, -0.254806122, 0.0113587088, 0, -0.387463094, -0.888372589, 
        -1.30899694, -1.55159771, -0.750491578, 1.18333323, 0.900589894 ]
      ikLinks: 
        - 
          name: WAIST
          index: 0
          isBaseLink: true
          translation: [ -0.00218358137, 0.0359159308, 0.154265647 ]
          rotation: [ 
            0.999850594, 0.0169426471, 0.0034257387, 
            -0.0172852919, 0.979002044, 0.203116263, 
            8.75219726e-005, -0.203145131, 0.979148634 ]
        - 
          name: R_ANKLE_R
          index: 6
          translation: [ -0.0143382891, -0.0216689863, 0.0441276821 ]
          rotation: [ 
            0.840607085, 0.0267631026, 0.540983794, 
            -0.208611213, 0.937726404, 0.277759883, 
            -0.499861072, -0.346342211, 0.793842542 ]
  - 
    time: 1.67235482
    maxTransitionTime: 0.328014784
    refer: 
      type: Pose
      name: ""
      joints: [ 
        0, 1, 2, 3, 4, 5, 12, 13, 14, 
        15, 16, 17, 18, 19 ]
      q: [ 
        -0.130863974, 0.227028823, 0.903551924, -0.934143105, -0.153307758, -0.0196133095, 0, -0.387463094, -0.125452629, 
        -0.916723361, -1.23611023, -1.00903081, 1.10115248, 0.800432771 ]
      ikLinks: 
        - 
          name: WAIST
          index: 0
          isBaseLink: true
          translation: [ -0.00632375134, 0.0370071214, 0.154259643 ]
          rotation: [ 
            0.981132548, -0.13053257, 0.142618974, 
            0.0973393867, 0.970867715, 0.218954159, 
            -0.167044806, -0.200940609, 0.965255875 ]
        - 
          name: R_ANKLE_R
          index: 6
          translation: [ 0.043821894, -0.0304316716, 0.0390835821 ]
          rotation: [ 
            0.999304947, -0.0337694092, 0.0157876539, 
            0.0230297452, 0.892288296, 0.450878284, 
            -0.0293130321, -0.450201314, 0.892445809 ]
  - 
    time: 2.02153185
    refer: 
      type: Pose
      name: ""
      joints: [ 
        0, 1, 2, 3, 4, 5, 12, 13, 14, 
        15, 16, 17, 18, 19 ]
      q: [ 
        -0.13240401, 0.285252766, 1.26631178, -0.945796389, -0.282969297, 0.0350767145, 0, -0.387463094, 0.483781988, 
        -0.727534958, -0.947549306, -1.50969822, 0.960895056, 0.454597378 ]
      ikLinks: 
        - 
          name: WAIST
          index: 0
          isBaseLink: true
          translation: [ -0.0069119989, 0.0368694778, 0.154226214 ]
          rotation: [ 
            0.97293155, -0.114419492, 0.200779429, 
            0.0687961848, 0.972838195, 0.221026994, 
            -0.220615694, -0.201231277, 0.954376597 ]
        - 
          name: R_ANKLE_R
          index: 6
          translation: [ 0.0664605398, -0.030431704, 0.0496545353 ]
          rotation: [ 
            0.918242056, -0.0558642713, -0.392059575, 
            0.226221579, 0.886569969, 0.403506489, 
            0.325046649, -0.459208964, 0.826723535 ]
  - 
    time: 2.95833333
    maxTransitionTime: 0.516666667
    refer: 
      type: Pose
      name: ""
      joints: [ 
        0, 1, 2, 3, 4, 5, 12, 13, 14, 
        15, 16, 17, 18, 19 ]
      q: [ 
        0, 0, 0.34906585, -0.698131701, -0.34906585, 0, 0, 0, 0.34906585, 
        0, -0.34906585, -0.34906585, 0, 0.34906585 ]
      ikLinks: 
        - 
          name: WAIST
          index: 0
          isBaseLink: true
          translation: [ -3.7813833e-005, 7.10403238e-008, 0.154197366 ]
          rotation: [ 
            1, -1.05071395e-008, 3.83949378e-009, 
            1.05071396e-008, 1, 8.70051919e-010, 
            -3.83949356e-009, -8.70051864e-010, 1 ]
        - 
          name: R_ANKLE_R
          index: 6
          translation: [ 0.0251999643, -0.0195999288, 0.0211502554 ]
          rotation: [ 
            1, -1.05071395e-008, 3.83949383e-009, 
            1.05071396e-008, 1, 8.70051919e-010, 
            -3.83949372e-009, -8.70051864e-010, 1 ]
          isTouching: true
          partingDirection: [ 0, 0, 1 ]
