# Body pose sequence format version 1.0 defined by cnoid-Robotics

type: PoseSeq
name: "turn_l"
targetBody: "GR001"
refs: 
  - 
    time: 0
    refer: 
      type: Pose
      name: ""
      joints: [ 
        0, 1, 2, 3, 4, 5, 6, 7, 8, 
        9, 10, 11, 12, 13, 14, 15, 16, 17, 
        18, 19 ]
      q: [ 
        0, 0, 0.34906585, -0.698131701, -0.34906585, 0, 0, 0, -0.34906585, 
        0.698131701, 0.34906585, 0, 0, 0, 0.34906585, 0, -0.34906585, -0.34906585, 
        0, 0.34906585 ]
      ikLinks: 
        - 
          name: WAIST
          index: 0
          isBaseLink: true
          translation: [ -3.78775213e-005, 5.74004001e-008, 0.154197241 ]
          rotation: [ 
            1, -1.09356897e-019, -1.66533454e-016, 
            2.16840434e-019, 1, -3.61111865e-035, 
            5.55111512e-017, -4.33680869e-019, 1 ]
        - 
          name: R_ANKLE_R
          index: 6
          translation: [ 0.0251999009, -0.0195999426, 0.021150131 ]
          rotation: [ 
            1, -1.09356897e-019, -1.66533454e-016, 
            2.16840434e-019, 1, -3.61111865e-035, 
            -5.55111512e-017, -4.33680869e-019, 1 ]
          isTouching: true
          partingDirection: [ 0, 0, 1 ]
        - 
          name: L_ANKLE_R
          index: 12
          translation: [ 0.0251999009, 0.0196000574, 0.021150131 ]
          rotation: [ 
            1, -1.09356897e-019, -5.55110435e-017, 
            2.16840434e-019, 1, 0, 
            0, -4.33680869e-019, 1 ]
          isTouching: true
          partingDirection: [ 0, 0, 1 ]
  - 
    time: 0.141666667
    refer: 
      type: Pose
      name: ""
      joints: [ 
        0, 1, 2, 3, 4, 5, 6, 7, 8, 
        9, 10, 11, 12, 13, 14, 15, 16, 17, 
        18, 19 ]
      q: [ 
        -0.508734609, 0.0260197876, 0.167528767, -0.553743283, -0.386214571, 0.0260197934, -0.224325889, -0.0712512101, -0.497078648, 
        0.85233829, 0.355259701, -0.071251216, 0.047311128, 0, 0.34906585, -0.108076716, -0.693721719, -0.34906585, 
        0.143094176, 0.34906585 ]
      ikLinks: 
        - 
          name: WAIST
          index: 0
          isBaseLink: true
          translation: [ -0.00125082021, -0.00670821936, 0.150900141 ]
          rotation: [ 
            0.974944283, -0.222449196, 5.28484653e-008, 
            0.222449196, 0.974944283, -5.33848718e-009, 
            -5.03367668e-008, 1.69608262e-008, 1 ]
        - 
          name: R_ANKLE_R
          index: 6
          translation: [ 0.0177751595, -0.032660919, 0.016454035 ]
          rotation: [ 
            0.959827729, 0.280589967, -1.65976648e-009, 
            -0.280589967, 0.959827729, 4.56490051e-009, 
            2.8739553e-009, -3.91580422e-009, 1 ]
          isTouching: true
          partingDirection: [ 0, 0, 1 ]
        - 
          name: L_ANKLE_R
          index: 12
          translation: [ 0.0252001201, 0.0196000118, 0.0211521342 ]
          rotation: [ 
            1, -9.47691251e-012, -7.23358315e-009, 
            9.47694874e-012, 1, 6.32107665e-010, 
            7.23358312e-009, -6.32107661e-010, 1 ]
          isTouching: true
          partingDirection: [ 0, 0, 1 ]
  - 
    time: 0.283333333
    refer: 
      type: Pose
      name: ""
      joints: [ 
        0, 1, 2, 3, 4, 5, 6, 7, 8, 
        9, 10, 11, 12, 13, 14, 15, 16, 17, 
        18, 19 ]
      q: [ 
        -0.0633354667, 0.288669181, 0.144028318, -0.471738475, -0.317245964, 0.288547466, 0.0182766563, 0.134700933, -0.270272885, 
        0.565653912, 0.295371949, 0.134583291, 0.0473887892, 0, 0.34906585, -0.186712843, -0.36347541, -0.34906585, 
        0.00256490246, 0.34962931 ]
      ikLinks: 
        - 
          name: WAIST
          index: 0
          isBaseLink: true
          translation: [ 0.00246076333, 0.0129245284, 0.158236439 ]
          rotation: [ 
            0.999968533, 0.00793302972, -7.8083158e-006, 
            -0.00793303058, 0.999968526, -0.000117725535, 
            6.87414987e-006, 0.000117783774, 0.999999993 ]
        - 
          name: R_ANKLE_R
          index: 6
          translation: [ 0.0171390848, -0.0384975421, 0.0268303325 ]
          rotation: [ 
            0.997194818, 0.0741780264, 0.010005732, 
            -0.0741744805, 0.997245015, -0.000725535369, 
            -0.0100319851, -1.86698616e-005, 0.999949678 ]
        - 
          name: L_ANKLE_R
          index: 12
          translation: [ 0.0274511586, 0.0183987851, 0.0240060716 ]
          rotation: [ 
            0.999946519, -0.0103421399, -2.899983e-008, 
            0.0103421399, 0.999946519, 3.30036715e-009, 
            2.89641462e-008, -3.60011093e-009, 1 ]
  - 
    time: 0.416666667
    refer: 
      type: Pose
      name: ""
      joints: [ 
        0, 1, 2, 3, 4, 5, 6, 7, 8, 
        9, 10, 11, 12, 13, 14, 15, 16, 17, 
        18, 19 ]
      q: [ 
        0.000424918094, 0.0963680989, 0.347637293, -0.705381134, -0.356963728, 0.0175611327, 0.0088624301, -0.0269316421, -0.341684075, 
        0.694538026, 0.352064471, -0.0016793424, 0.00585000095, 0, 0.34906585, -0.015141153, -0.345900054, -0.34906585, 
        0.00722595304, 0.347461762 ]
      ikLinks: 
        - 
          name: WAIST
          index: 0
          isBaseLink: true
          translation: [ 0.00282705767, -0.00079900806, 0.16330048 ]
          rotation: [ 
            0.99999825, -0.00154677138, -0.00105261019, 
            0.00157284734, 0.999680183, 0.0252400099, 
            0.00101323302, -0.0252416214, 0.999680866 ]
        - 
          name: R_ANKLE_R
          index: 6
          translation: [ 0.0277088809, -0.0337748536, 0.0317103549 ]
          rotation: [ 
            0.999998163, -0.00186900301, -0.00042457451, 
            0.00190299248, 0.994589753, 0.103863377, 
            0.000228156493, -0.103863994, 0.994591483 ]
        - 
          name: L_ANKLE_R
          index: 12
          translation: [ 0.0276230384, 0.0185230981, 0.0297441486 ]
          rotation: [ 
            0.999945569, -0.0104335943, -1.48028193e-008, 
            0.0104335943, 0.999945569, 1.93362598e-009, 
            1.47818389e-008, -2.08796731e-009, 1 ]
  - 
    time: 0.558333333
    refer: 
      type: Pose
      name: ""
      joints: [ 
        0, 1, 2, 3, 4, 5, 6, 7, 8, 
        9, 10, 11, 12, 13, 14, 15, 16, 17, 
        18, 19 ]
      q: [ 
        -0.508734609, 0.0260197876, 0.167528767, -0.553743283, -0.386214571, 0.0260197934, -0.224325889, -0.0712512101, -0.497078648, 
        0.85233829, 0.355259701, -0.071251216, 0.047311128, 0, 0.34906585, -0.108076716, -0.693721719, -0.34906585, 
        0.143094176, 0.34906585 ]
      ikLinks: 
        - 
          name: WAIST
          index: 0
          isBaseLink: true
          translation: [ -0.00125082021, -0.00670821936, 0.150900141 ]
          rotation: [ 
            0.974944283, -0.222449196, 5.28484653e-008, 
            0.222449196, 0.974944283, -5.33848718e-009, 
            -5.03367668e-008, 1.69608262e-008, 1 ]
        - 
          name: R_ANKLE_R
          index: 6
          translation: [ 0.0177751595, -0.032660919, 0.016454035 ]
          rotation: [ 
            0.959827729, 0.280589967, -1.65976648e-009, 
            -0.280589967, 0.959827729, 4.56490051e-009, 
            2.8739553e-009, -3.91580422e-009, 1 ]
          isTouching: true
          partingDirection: [ 0, 0, 1 ]
        - 
          name: L_ANKLE_R
          index: 12
          translation: [ 0.0252001201, 0.0196000118, 0.0211521342 ]
          rotation: [ 
            1, -9.47691251e-012, -7.23358315e-009, 
            9.47694874e-012, 1, 6.32107665e-010, 
            7.23358312e-009, -6.32107661e-010, 1 ]
          isTouching: true
          partingDirection: [ 0, 0, 1 ]
  - 
    time: 0.716666667
    refer: 
      type: Pose
      name: ""
      joints: [ 
        0, 1, 2, 3, 4, 5, 6, 7, 8, 
        9, 10, 11, 12, 13, 14, 15, 16, 17, 
        18, 19 ]
      q: [ 
        -0.0633354667, 0.288669181, 0.144028318, -0.471738475, -0.317245964, 0.288547466, 0.0182766563, 0.134700933, -0.270272885, 
        0.565653912, 0.295371949, 0.134583291, 0.0473887892, 0, 0.34906585, -0.186712843, -0.36347541, -0.34906585, 
        0.00256490246, 0.34962931 ]
      ikLinks: 
        - 
          name: WAIST
          index: 0
          isBaseLink: true
          translation: [ 0.00246076333, 0.0129245284, 0.158236439 ]
          rotation: [ 
            0.999968533, 0.00793302972, -7.8083158e-006, 
            -0.00793303058, 0.999968526, -0.000117725535, 
            6.87414987e-006, 0.000117783774, 0.999999993 ]
        - 
          name: R_ANKLE_R
          index: 6
          translation: [ 0.0171390848, -0.0384975421, 0.0268303325 ]
          rotation: [ 
            0.997194818, 0.0741780264, 0.010005732, 
            -0.0741744805, 0.997245015, -0.000725535369, 
            -0.0100319851, -1.86698616e-005, 0.999949678 ]
        - 
          name: L_ANKLE_R
          index: 12
          translation: [ 0.0274511586, 0.0183987851, 0.0240060716 ]
          rotation: [ 
            0.999946519, -0.0103421399, -2.899983e-008, 
            0.0103421399, 0.999946519, 3.30036715e-009, 
            2.89641462e-008, -3.60011093e-009, 1 ]
  - 
    time: 0.841666667
    refer: 
      type: Pose
      name: ""
      joints: [ 
        0, 1, 2, 3, 4, 5, 6, 7, 8, 
        9, 10, 11, 12, 13, 14, 15, 16, 17, 
        18, 19 ]
      q: [ 
        0.000424918094, 0.0963680989, 0.347637293, -0.705381134, -0.356963728, 0.0175611327, 0.0088624301, -0.0269316421, -0.341684075, 
        0.694538026, 0.352064471, -0.0016793424, 0.00585000095, 0, 0.34906585, -0.015141153, -0.345900054, -0.34906585, 
        0.00722595304, 0.347461762 ]
      ikLinks: 
        - 
          name: WAIST
          index: 0
          isBaseLink: true
          translation: [ 0.00282705767, -0.00079900806, 0.16330048 ]
          rotation: [ 
            0.99999825, -0.00154677138, -0.00105261019, 
            0.00157284734, 0.999680183, 0.0252400099, 
            0.00101323302, -0.0252416214, 0.999680866 ]
        - 
          name: R_ANKLE_R
          index: 6
          translation: [ 0.0277088809, -0.0337748536, 0.0317103549 ]
          rotation: [ 
            0.999998163, -0.00186900301, -0.00042457451, 
            0.00190299248, 0.994589753, 0.103863377, 
            0.000228156493, -0.103863994, 0.994591483 ]
        - 
          name: L_ANKLE_R
          index: 12
          translation: [ 0.0276230384, 0.0185230981, 0.0297441486 ]
          rotation: [ 
            0.999945569, -0.0104335943, -1.48028193e-008, 
            0.0104335943, 0.999945569, 1.93362598e-009, 
            1.47818389e-008, -2.08796731e-009, 1 ]
  - 
    time: 0.983333333
    refer: 
      type: Pose
      name: ""
      joints: [ 
        0, 1, 2, 3, 4, 5, 6, 7, 8, 
        9, 10, 11, 12, 13, 14, 15, 16, 17, 
        18, 19 ]
      q: [ 
        -0.508734609, 0.0260197876, 0.167528767, -0.553743283, -0.386214571, 0.0260197934, -0.224325889, -0.0712512101, -0.497078648, 
        0.85233829, 0.355259701, -0.071251216, 0.047311128, 0, 0.34906585, -0.108076716, -0.693721719, -0.34906585, 
        0.143094176, 0.34906585 ]
      ikLinks: 
        - 
          name: WAIST
          index: 0
          isBaseLink: true
          translation: [ -0.00125082021, -0.00670821936, 0.150900141 ]
          rotation: [ 
            0.974944283, -0.222449196, 5.28484653e-008, 
            0.222449196, 0.974944283, -5.33848718e-009, 
            -5.03367668e-008, 1.69608262e-008, 1 ]
        - 
          name: R_ANKLE_R
          index: 6
          translation: [ 0.0177751595, -0.032660919, 0.016454035 ]
          rotation: [ 
            0.959827729, 0.280589967, -1.65976648e-009, 
            -0.280589967, 0.959827729, 4.56490051e-009, 
            2.8739553e-009, -3.91580422e-009, 1 ]
          isTouching: true
          partingDirection: [ 0, 0, 1 ]
        - 
          name: L_ANKLE_R
          index: 12
          translation: [ 0.0252001201, 0.0196000118, 0.0211521342 ]
          rotation: [ 
            1, -9.47691251e-012, -7.23358315e-009, 
            9.47694874e-012, 1, 6.32107665e-010, 
            7.23358312e-009, -6.32107661e-010, 1 ]
          isTouching: true
          partingDirection: [ 0, 0, 1 ]
  - 
    time: 1.13333333
    refer: 
      type: Pose
      name: ""
      joints: [ 
        0, 1, 2, 3, 4, 5, 6, 7, 8, 
        9, 10, 11, 12, 13, 14, 15, 16, 17, 
        18, 19 ]
      q: [ 
        -0.0633354667, 0.288669181, 0.144028318, -0.471738475, -0.317245964, 0.288547466, 0.0182766563, 0.134700933, -0.270272885, 
        0.565653912, 0.295371949, 0.134583291, 0.0473887892, 0, 0.34906585, -0.186712843, -0.36347541, -0.34906585, 
        0.00256490246, 0.34962931 ]
      ikLinks: 
        - 
          name: WAIST
          index: 0
          isBaseLink: true
          translation: [ 0.00246076333, 0.0129245284, 0.158236439 ]
          rotation: [ 
            0.999968533, 0.00793302972, -7.8083158e-006, 
            -0.00793303058, 0.999968526, -0.000117725535, 
            6.87414987e-006, 0.000117783774, 0.999999993 ]
        - 
          name: R_ANKLE_R
          index: 6
          translation: [ 0.0171390848, -0.0384975421, 0.0268303325 ]
          rotation: [ 
            0.997194818, 0.0741780264, 0.010005732, 
            -0.0741744805, 0.997245015, -0.000725535369, 
            -0.0100319851, -1.86698616e-005, 0.999949678 ]
        - 
          name: L_ANKLE_R
          index: 12
          translation: [ 0.0274511586, 0.0183987851, 0.0240060716 ]
          rotation: [ 
            0.999946519, -0.0103421399, -2.899983e-008, 
            0.0103421399, 0.999946519, 3.30036715e-009, 
            2.89641462e-008, -3.60011093e-009, 1 ]
  - 
    time: 1.28333333
    refer: 
      type: Pose
      name: ""
      joints: [ 
        0, 1, 2, 3, 4, 5, 6, 7, 8, 
        9, 10, 11, 12, 13, 14, 15, 16, 17, 
        18, 19 ]
      q: [ 
        0.000424918094, 0.0963680989, 0.347637293, -0.705381134, -0.356963728, 0.0175611327, 0.0088624301, -0.0269316421, -0.341684075, 
        0.694538026, 0.352064471, -0.0016793424, 0.00585000095, 0, 0.34906585, -0.015141153, -0.345900054, -0.34906585, 
        0.00722595304, 0.347461762 ]
      ikLinks: 
        - 
          name: WAIST
          index: 0
          isBaseLink: true
          translation: [ 0.00282705767, -0.00079900806, 0.16330048 ]
          rotation: [ 
            0.99999825, -0.00154677138, -0.00105261019, 
            0.00157284734, 0.999680183, 0.0252400099, 
            0.00101323302, -0.0252416214, 0.999680866 ]
        - 
          name: R_ANKLE_R
          index: 6
          translation: [ 0.0277088809, -0.0337748536, 0.0317103549 ]
          rotation: [ 
            0.999998163, -0.00186900301, -0.00042457451, 
            0.00190299248, 0.994589753, 0.103863377, 
            0.000228156493, -0.103863994, 0.994591483 ]
        - 
          name: L_ANKLE_R
          index: 12
          translation: [ 0.0276230384, 0.0185230981, 0.0297441486 ]
          rotation: [ 
            0.999945569, -0.0104335943, -1.48028193e-008, 
            0.0104335943, 0.999945569, 1.93362598e-009, 
            1.47818389e-008, -2.08796731e-009, 1 ]
